Time	NEval	Generation	f	S4	S0	J1_Vmax	J1_n	J1_K	J2_J2_k	J3_J3_k	J0_J0_k	compart	
2.420540e-01	5.000000e+01	1.000000e+00	1.138555e+00	1.840102e+00	7.879292e+00	6.120312e+00	5.390927e-01	4.201937e+00	6.790688e+00	9.186018e+00	4.020249e-03	9.767591e+00	
5.218705e-01	7.500000e+01	2.000000e+00	9.947489e-01	5.092910e+00	1.348597e-02	4.985826e+00	7.799457e+00	8.349093e+00	1.693832e-01	1.697266e+00	3.488229e+00	5.680251e+00	
7.990902e-01	1.000000e+02	3.000000e+00	9.935833e-01	8.362903e+00	9.209506e+00	1.537041e+00	5.563076e+00	8.131353e+00	3.904033e+00	7.249264e+00	9.525982e-03	6.507145e+00	
1.058382e+00	1.250000e+02	4.000000e+00	9.935833e-01	8.362903e+00	9.209506e+00	1.537041e+00	5.563076e+00	8.131353e+00	3.904033e+00	7.249264e+00	9.525982e-03	6.507145e+00	
1.188353e+00	1.500000e+02	5.000000e+00	9.935833e-01	8.362903e+00	9.209506e+00	1.537041e+00	5.563076e+00	8.131353e+00	3.904033e+00	7.249264e+00	9.525982e-03	6.507145e+00	
1.329496e+00	1.750000e+02	6.000000e+00	9.935833e-01	8.362903e+00	9.209506e+00	1.537041e+00	5.563076e+00	8.131353e+00	3.904033e+00	7.249264e+00	9.525982e-03	6.507145e+00	
1.459736e+00	2.000000e+02	7.000000e+00	2.649436e-01	4.355538e+00	1.495436e-01	5.668365e+00	4.593494e+00	2.044830e-01	2.958112e+00	2.814639e+00	5.003284e+00	5.636888e+00	
1.741382e+00	2.250000e+02	8.000000e+00	2.649436e-01	4.355538e+00	1.495436e-01	5.668365e+00	4.593494e+00	2.044830e-01	2.958112e+00	2.814639e+00	5.003284e+00	5.636888e+00	
1.874810e+00	2.500000e+02	9.000000e+00	2.649436e-01	4.355538e+00	1.495436e-01	5.668365e+00	4.593494e+00	2.044830e-01	2.958112e+00	2.814639e+00	5.003284e+00	5.636888e+00	
2.007657e+00	2.750000e+02	1.000000e+01	2.649436e-01	4.355538e+00	1.495436e-01	5.668365e+00	4.593494e+00	2.044830e-01	2.958112e+00	2.814639e+00	5.003284e+00	5.636888e+00	
2.150322e+00	3.000000e+02	1.100000e+01	2.649436e-01	4.355538e+00	1.495436e-01	5.668365e+00	4.593494e+00	2.044830e-01	2.958112e+00	2.814639e+00	5.003284e+00	5.636888e+00	
2.291467e+00	3.250000e+02	1.200000e+01	2.649436e-01	4.355538e+00	1.495436e-01	5.668365e+00	4.593494e+00	2.044830e-01	2.958112e+00	2.814639e+00	5.003284e+00	5.636888e+00	
2.434996e+00	3.500000e+02	1.300000e+01	2.649436e-01	4.355538e+00	1.495436e-01	5.668365e+00	4.593494e+00	2.044830e-01	2.958112e+00	2.814639e+00	5.003284e+00	5.636888e+00	
2.569049e+00	3.750000e+02	1.400000e+01	2.649436e-01	4.355538e+00	1.495436e-01	5.668365e+00	4.593494e+00	2.044830e-01	2.958112e+00	2.814639e+00	5.003284e+00	5.636888e+00	
2.706488e+00	4.000000e+02	1.500000e+01	2.649436e-01	4.355538e+00	1.495436e-01	5.668365e+00	4.593494e+00	2.044830e-01	2.958112e+00	2.814639e+00	5.003284e+00	5.636888e+00	
2.852352e+00	4.250000e+02	1.600000e+01	2.649436e-01	4.355538e+00	1.495436e-01	5.668365e+00	4.593494e+00	2.044830e-01	2.958112e+00	2.814639e+00	5.003284e+00	5.636888e+00	
2.993628e+00	4.500000e+02	1.700000e+01	2.649436e-01	4.355538e+00	1.495436e-01	5.668365e+00	4.593494e+00	2.044830e-01	2.958112e+00	2.814639e+00	5.003284e+00	5.636888e+00	
3.126564e+00	4.750000e+02	1.800000e+01	2.649436e-01	4.355538e+00	1.495436e-01	5.668365e+00	4.593494e+00	2.044830e-01	2.958112e+00	2.814639e+00	5.003284e+00	5.636888e+00	
3.272946e+00	5.000000e+02	1.900000e+01	2.649436e-01	4.355538e+00	1.495436e-01	5.668365e+00	4.593494e+00	2.044830e-01	2.958112e+00	2.814639e+00	5.003284e+00	5.636888e+00	
3.411630e+00	5.250000e+02	2.000000e+01	2.600328e-01	2.777437e+00	3.076094e-01	6.686049e+00	7.441940e-01	2.729038e+00	4.657705e+00	7.072478e+00	2.796826e+00	5.522752e+00	
3.681391e+00	5.500000e+02	2.100000e+01	2.600328e-01	2.777437e+00	3.076094e-01	6.686049e+00	7.441940e-01	2.729038e+00	4.657705e+00	7.072478e+00	2.796826e+00	5.522752e+00	
3.820232e+00	5.750000e+02	2.200000e+01	2.600328e-01	2.777437e+00	3.076094e-01	6.686049e+00	7.441940e-01	2.729038e+00	4.657705e+00	7.072478e+00	2.796826e+00	5.522752e+00	
3.966179e+00	6.000000e+02	2.300000e+01	2.600328e-01	2.777437e+00	3.076094e-01	6.686049e+00	7.441940e-01	2.729038e+00	4.657705e+00	7.072478e+00	2.796826e+00	5.522752e+00	
4.101942e+00	6.250000e+02	2.400000e+01	2.600328e-01	2.777437e+00	3.076094e-01	6.686049e+00	7.441940e-01	2.729038e+00	4.657705e+00	7.072478e+00	2.796826e+00	5.522752e+00	
4.233514e+00	6.500000e+02	2.500000e+01	2.600328e-01	2.777437e+00	3.076094e-01	6.686049e+00	7.441940e-01	2.729038e+00	4.657705e+00	7.072478e+00	2.796826e+00	5.522752e+00	
4.369483e+00	6.750000e+02	2.600000e+01	2.600328e-01	2.777437e+00	3.076094e-01	6.686049e+00	7.441940e-01	2.729038e+00	4.657705e+00	7.072478e+00	2.796826e+00	5.522752e+00	
4.497522e+00	7.000000e+02	2.700000e+01	2.600328e-01	2.777437e+00	3.076094e-01	6.686049e+00	7.441940e-01	2.729038e+00	4.657705e+00	7.072478e+00	2.796826e+00	5.522752e+00	
4.629953e+00	7.250000e+02	2.800000e+01	2.600328e-01	2.777437e+00	3.076094e-01	6.686049e+00	7.441940e-01	2.729038e+00	4.657705e+00	7.072478e+00	2.796826e+00	5.522752e+00	
4.758153e+00	7.500000e+02	2.900000e+01	2.600328e-01	2.777437e+00	3.076094e-01	6.686049e+00	7.441940e-01	2.729038e+00	4.657705e+00	7.072478e+00	2.796826e+00	5.522752e+00	
4.920926e+00	7.750000e+02	3.000000e+01	2.600328e-01	2.777437e+00	3.076094e-01	6.686049e+00	7.441940e-01	2.729038e+00	4.657705e+00	7.072478e+00	2.796826e+00	5.522752e+00	
5.076985e+00	8.000000e+02	3.100000e+01	1.053859e-01	5.064133e+00	1.064644e+00	8.343261e+00	1.319760e+00	1.390576e+00	1.779984e+00	2.790736e+00	4.774817e-01	4.759645e+00	
5.349215e+00	8.250000e+02	3.200000e+01	1.053859e-01	5.064133e+00	1.064644e+00	8.343261e+00	1.319760e+00	1.390576e+00	1.779984e+00	2.790736e+00	4.774817e-01	4.759645e+00	
5.480551e+00	8.500000e+02	3.300000e+01	1.053859e-01	5.064133e+00	1.064644e+00	8.343261e+00	1.319760e+00	1.390576e+00	1.779984e+00	2.790736e+00	4.774817e-01	4.759645e+00	
5.615730e+00	8.750000e+02	3.400000e+01	1.053859e-01	5.064133e+00	1.064644e+00	8.343261e+00	1.319760e+00	1.390576e+00	1.779984e+00	2.790736e+00	4.774817e-01	4.759645e+00	
5.767178e+00	9.000000e+02	3.500000e+01	1.053859e-01	5.064133e+00	1.064644e+00	8.343261e+00	1.319760e+00	1.390576e+00	1.779984e+00	2.790736e+00	4.774817e-01	4.759645e+00	
5.915342e+00	9.250000e+02	3.600000e+01	1.053859e-01	5.064133e+00	1.064644e+00	8.343261e+00	1.319760e+00	1.390576e+00	1.779984e+00	2.790736e+00	4.774817e-01	4.759645e+00	
6.049303e+00	9.500000e+02	3.700000e+01	1.053859e-01	5.064133e+00	1.064644e+00	8.343261e+00	1.319760e+00	1.390576e+00	1.779984e+00	2.790736e+00	4.774817e-01	4.759645e+00	
6.207056e+00	9.750000e+02	3.800000e+01	1.053859e-01	5.064133e+00	1.064644e+00	8.343261e+00	1.319760e+00	1.390576e+00	1.779984e+00	2.790736e+00	4.774817e-01	4.759645e+00	
6.352181e+00	1.000000e+03	3.900000e+01	1.053859e-01	5.064133e+00	1.064644e+00	8.343261e+00	1.319760e+00	1.390576e+00	1.779984e+00	2.790736e+00	4.774817e-01	4.759645e+00	
6.507321e+00	1.025000e+03	4.000000e+01	1.053859e-01	5.064133e+00	1.064644e+00	8.343261e+00	1.319760e+00	1.390576e+00	1.779984e+00	2.790736e+00	4.774817e-01	4.759645e+00	
6.656022e+00	1.050000e+03	4.100000e+01	1.053859e-01	5.064133e+00	1.064644e+00	8.343261e+00	1.319760e+00	1.390576e+00	1.779984e+00	2.790736e+00	4.774817e-01	4.759645e+00	
6.808764e+00	1.075000e+03	4.200000e+01	1.053859e-01	5.064133e+00	1.064644e+00	8.343261e+00	1.319760e+00	1.390576e+00	1.779984e+00	2.790736e+00	4.774817e-01	4.759645e+00	
6.943512e+00	1.100000e+03	4.300000e+01	1.053859e-01	5.064133e+00	1.064644e+00	8.343261e+00	1.319760e+00	1.390576e+00	1.779984e+00	2.790736e+00	4.774817e-01	4.759645e+00	
7.073458e+00	1.125000e+03	4.400000e+01	1.053859e-01	5.064133e+00	1.064644e+00	8.343261e+00	1.319760e+00	1.390576e+00	1.779984e+00	2.790736e+00	4.774817e-01	4.759645e+00	
7.229870e+00	1.150000e+03	4.500000e+01	1.053859e-01	5.064133e+00	1.064644e+00	8.343261e+00	1.319760e+00	1.390576e+00	1.779984e+00	2.790736e+00	4.774817e-01	4.759645e+00	
7.374521e+00	1.175000e+03	4.600000e+01	1.053859e-01	5.064133e+00	1.064644e+00	8.343261e+00	1.319760e+00	1.390576e+00	1.779984e+00	2.790736e+00	4.774817e-01	4.759645e+00	
7.532060e+00	1.200000e+03	4.700000e+01	1.053859e-01	5.064133e+00	1.064644e+00	8.343261e+00	1.319760e+00	1.390576e+00	1.779984e+00	2.790736e+00	4.774817e-01	4.759645e+00	
7.676642e+00	1.225000e+03	4.800000e+01	1.053859e-01	5.064133e+00	1.064644e+00	8.343261e+00	1.319760e+00	1.390576e+00	1.779984e+00	2.790736e+00	4.774817e-01	4.759645e+00	
7.828624e+00	1.250000e+03	4.900000e+01	1.053859e-01	5.064133e+00	1.064644e+00	8.343261e+00	1.319760e+00	1.390576e+00	1.779984e+00	2.790736e+00	4.774817e-01	4.759645e+00	
7.987331e+00	1.275000e+03	5.000000e+01	1.053859e-01	5.064133e+00	1.064644e+00	8.343261e+00	1.319760e+00	1.390576e+00	1.779984e+00	2.790736e+00	4.774817e-01	4.759645e+00	
8.120376e+00	1.300000e+03	5.100000e+01	1.053859e-01	5.064133e+00	1.064644e+00	8.343261e+00	1.319760e+00	1.390576e+00	1.779984e+00	2.790736e+00	4.774817e-01	4.759645e+00	
8.266318e+00	1.325000e+03	5.200000e+01	1.053859e-01	5.064133e+00	1.064644e+00	8.343261e+00	1.319760e+00	1.390576e+00	1.779984e+00	2.790736e+00	4.774817e-01	4.759645e+00	
8.418462e+00	1.350000e+03	5.300000e+01	1.053859e-01	5.064133e+00	1.064644e+00	8.343261e+00	1.319760e+00	1.390576e+00	1.779984e+00	2.790736e+00	4.774817e-01	4.759645e+00	
8.560170e+00	1.375000e+03	5.400000e+01	1.053859e-01	5.064133e+00	1.064644e+00	8.343261e+00	1.319760e+00	1.390576e+00	1.779984e+00	2.790736e+00	4.774817e-01	4.759645e+00	
8.706521e+00	1.400000e+03	5.500000e+01	1.053859e-01	5.064133e+00	1.064644e+00	8.343261e+00	1.319760e+00	1.390576e+00	1.779984e+00	2.790736e+00	4.774817e-01	4.759645e+00	
8.841456e+00	1.425000e+03	5.600000e+01	1.053859e-01	5.064133e+00	1.064644e+00	8.343261e+00	1.319760e+00	1.390576e+00	1.779984e+00	2.790736e+00	4.774817e-01	4.759645e+00	
8.978541e+00	1.450000e+03	5.700000e+01	1.053859e-01	5.064133e+00	1.064644e+00	8.343261e+00	1.319760e+00	1.390576e+00	1.779984e+00	2.790736e+00	4.774817e-01	4.759645e+00	
9.117130e+00	1.475000e+03	5.800000e+01	7.320464e-02	5.468545e+00	1.116614e+00	6.399476e+00	1.818372e+00	4.771071e-01	2.743067e+00	5.024473e+00	7.172976e-01	9.363642e+00	
9.399856e+00	1.500000e+03	5.900000e+01	7.320464e-02	5.468545e+00	1.116614e+00	6.399476e+00	1.818372e+00	4.771071e-01	2.743067e+00	5.024473e+00	7.172976e-01	9.363642e+00	
9.540478e+00	1.525000e+03	6.000000e+01	7.320464e-02	5.468545e+00	1.116614e+00	6.399476e+00	1.818372e+00	4.771071e-01	2.743067e+00	5.024473e+00	7.172976e-01	9.363642e+00	
9.696446e+00	1.550000e+03	6.100000e+01	7.320464e-02	5.468545e+00	1.116614e+00	6.399476e+00	1.818372e+00	4.771071e-01	2.743067e+00	5.024473e+00	7.172976e-01	9.363642e+00	
9.835511e+00	1.575000e+03	6.200000e+01	7.320464e-02	5.468545e+00	1.116614e+00	6.399476e+00	1.818372e+00	4.771071e-01	2.743067e+00	5.024473e+00	7.172976e-01	9.363642e+00	
9.983559e+00	1.600000e+03	6.300000e+01	7.320464e-02	5.468545e+00	1.116614e+00	6.399476e+00	1.818372e+00	4.771071e-01	2.743067e+00	5.024473e+00	7.172976e-01	9.363642e+00	
1.012483e+01	1.625000e+03	6.400000e+01	7.320464e-02	5.468545e+00	1.116614e+00	6.399476e+00	1.818372e+00	4.771071e-01	2.743067e+00	5.024473e+00	7.172976e-01	9.363642e+00	
1.027486e+01	1.650000e+03	6.500000e+01	7.320464e-02	5.468545e+00	1.116614e+00	6.399476e+00	1.818372e+00	4.771071e-01	2.743067e+00	5.024473e+00	7.172976e-01	9.363642e+00	
1.040491e+01	1.675000e+03	6.600000e+01	6.446447e-02	2.647630e+00	1.303732e+00	7.610500e+00	1.355041e+00	1.150596e+00	1.422630e+00	4.924684e+00	4.112077e-01	7.632787e+00	
1.067204e+01	1.700000e+03	6.700000e+01	6.446447e-02	2.647630e+00	1.303732e+00	7.610500e+00	1.355041e+00	1.150596e+00	1.422630e+00	4.924684e+00	4.112077e-01	7.632787e+00	
1.080408e+01	1.725000e+03	6.800000e+01	6.446447e-02	2.647630e+00	1.303732e+00	7.610500e+00	1.355041e+00	1.150596e+00	1.422630e+00	4.924684e+00	4.112077e-01	7.632787e+00	
1.093016e+01	1.750000e+03	6.900000e+01	6.204895e-02	3.231060e+00	1.138880e+00	6.100520e+00	1.068576e+00	1.045076e+00	1.839893e+00	4.627206e+00	5.414249e-01	9.603021e+00	
1.118576e+01	1.775000e+03	7.000000e+01	6.204895e-02	3.231060e+00	1.138880e+00	6.100520e+00	1.068576e+00	1.045076e+00	1.839893e+00	4.627206e+00	5.414249e-01	9.603021e+00	
1.131577e+01	1.800000e+03	7.100000e+01	5.286841e-02	2.280048e+00	1.195422e+00	7.663195e+00	1.591589e+00	7.229800e-01	2.403785e+00	4.274599e+00	6.773770e-01	9.731827e+00	
1.157387e+01	1.825000e+03	7.200000e+01	5.286841e-02	2.280048e+00	1.195422e+00	7.663195e+00	1.591589e+00	7.229800e-01	2.403785e+00	4.274599e+00	6.773770e-01	9.731827e+00	
1.171550e+01	1.850000e+03	7.300000e+01	4.402460e-02	4.423767e+00	1.103030e+00	7.695136e+00	1.902490e+00	5.778998e-01	1.234165e+00	3.693311e+00	4.667720e-01	8.539637e+00	
1.197545e+01	1.875000e+03	7.400000e+01	4.402460e-02	4.423767e+00	1.103030e+00	7.695136e+00	1.902490e+00	5.778998e-01	1.234165e+00	3.693311e+00	4.667720e-01	8.539637e+00	
1.210064e+01	1.900000e+03	7.500000e+01	4.402460e-02	4.423767e+00	1.103030e+00	7.695136e+00	1.902490e+00	5.778998e-01	1.234165e+00	3.693311e+00	4.667720e-01	8.539637e+00	
1.223448e+01	1.925000e+03	7.600000e+01	4.402460e-02	4.423767e+00	1.103030e+00	7.695136e+00	1.902490e+00	5.778998e-01	1.234165e+00	3.693311e+00	4.667720e-01	8.539637e+00	
1.236252e+01	1.950000e+03	7.700000e+01	4.402460e-02	4.423767e+00	1.103030e+00	7.695136e+00	1.902490e+00	5.778998e-01	1.234165e+00	3.693311e+00	4.667720e-01	8.539637e+00	
1.248647e+01	1.975000e+03	7.800000e+01	4.402460e-02	4.423767e+00	1.103030e+00	7.695136e+00	1.902490e+00	5.778998e-01	1.234165e+00	3.693311e+00	4.667720e-01	8.539637e+00	
1.260698e+01	2.000000e+03	7.900000e+01	4.402460e-02	4.423767e+00	1.103030e+00	7.695136e+00	1.902490e+00	5.778998e-01	1.234165e+00	3.693311e+00	4.667720e-01	8.539637e+00	
1.274379e+01	2.025000e+03	8.000000e+01	2.176450e-02	4.611163e+00	1.037039e+00	6.483763e+00	1.087875e+00	1.320156e+00	1.613814e+00	2.143638e+00	6.179045e-01	9.662622e+00	
1.300493e+01	2.050000e+03	8.100000e+01	2.176450e-02	4.611163e+00	1.037039e+00	6.483763e+00	1.087875e+00	1.320156e+00	1.613814e+00	2.143638e+00	6.179045e-01	9.662622e+00	
1.312979e+01	2.075000e+03	8.200000e+01	2.176450e-02	4.611163e+00	1.037039e+00	6.483763e+00	1.087875e+00	1.320156e+00	1.613814e+00	2.143638e+00	6.179045e-01	9.662622e+00	
1.324874e+01	2.100000e+03	8.300000e+01	2.176450e-02	4.611163e+00	1.037039e+00	6.483763e+00	1.087875e+00	1.320156e+00	1.613814e+00	2.143638e+00	6.179045e-01	9.662622e+00	
1.337368e+01	2.125000e+03	8.400000e+01	1.699446e-02	4.531247e+00	9.033133e-01	5.593388e+00	1.339419e+00	1.097855e+00	1.181952e+00	1.527109e+00	5.839662e-01	9.202707e+00	
1.362397e+01	2.150000e+03	8.500000e+01	1.699446e-02	4.531247e+00	9.033133e-01	5.593388e+00	1.339419e+00	1.097855e+00	1.181952e+00	1.527109e+00	5.839662e-01	9.202707e+00	
1.374421e+01	2.175000e+03	8.600000e+01	1.699446e-02	4.531247e+00	9.033133e-01	5.593388e+00	1.339419e+00	1.097855e+00	1.181952e+00	1.527109e+00	5.839662e-01	9.202707e+00	
1.388074e+01	2.200000e+03	8.700000e+01	1.699446e-02	4.531247e+00	9.033133e-01	5.593388e+00	1.339419e+00	1.097855e+00	1.181952e+00	1.527109e+00	5.839662e-01	9.202707e+00	
1.400458e+01	2.225000e+03	8.800000e+01	1.080086e-02	3.966534e+00	1.122948e+00	7.398791e+00	1.954853e+00	5.756259e-01	8.466839e-01	1.163600e+00	4.014994e-01	9.685914e+00	
1.425053e+01	2.250000e+03	8.900000e+01	1.080086e-02	3.966534e+00	1.122948e+00	7.398791e+00	1.954853e+00	5.756259e-01	8.466839e-01	1.163600e+00	4.014994e-01	9.685914e+00	
1.436747e+01	2.275000e+03	9.000000e+01	1.080086e-02	3.966534e+00	1.122948e+00	7.398791e+00	1.954853e+00	5.756259e-01	8.466839e-01	1.163600e+00	4.014994e-01	9.685914e+00	
1.449227e+01	2.300000e+03	9.100000e+01	1.080086e-02	3.966534e+00	1.122948e+00	7.398791e+00	1.954853e+00	5.756259e-01	8.466839e-01	1.163600e+00	4.014994e-01	9.685914e+00	
1.461651e+01	2.325000e+03	9.200000e+01	1.080086e-02	3.966534e+00	1.122948e+00	7.398791e+00	1.954853e+00	5.756259e-01	8.466839e-01	1.163600e+00	4.014994e-01	9.685914e+00	
1.473298e+01	2.350000e+03	9.300000e+01	1.080086e-02	3.966534e+00	1.122948e+00	7.398791e+00	1.954853e+00	5.756259e-01	8.466839e-01	1.163600e+00	4.014994e-01	9.685914e+00	
1.485041e+01	2.375000e+03	9.400000e+01	1.079194e-02	3.555341e+00	1.265442e+00	5.782684e+00	1.317630e+00	1.005677e+00	1.084262e+00	1.882873e+00	4.047166e-01	8.690717e+00	
1.510501e+01	2.400000e+03	9.500000e+01	1.079194e-02	3.555341e+00	1.265442e+00	5.782684e+00	1.317630e+00	1.005677e+00	1.084262e+00	1.882873e+00	4.047166e-01	8.690717e+00	
1.522732e+01	2.425000e+03	9.600000e+01	1.079194e-02	3.555341e+00	1.265442e+00	5.782684e+00	1.317630e+00	1.005677e+00	1.084262e+00	1.882873e+00	4.047166e-01	8.690717e+00	
1.534860e+01	2.450000e+03	9.700000e+01	4.211392e-03	5.458467e+00	1.465277e+00	4.750720e+00	1.405265e+00	8.502097e-01	9.807841e-01	1.144399e+00	3.163951e-01	8.799450e+00	
1.559470e+01	2.475000e+03	9.800000e+01	4.211392e-03	5.458467e+00	1.465277e+00	4.750720e+00	1.405265e+00	8.502097e-01	9.807841e-01	1.144399e+00	3.163951e-01	8.799450e+00	
1.571262e+01	2.500000e+03	9.900000e+01	4.211392e-03	5.458467e+00	1.465277e+00	4.750720e+00	1.405265e+00	8.502097e-01	9.807841e-01	1.144399e+00	3.163951e-01	8.799450e+00	
1.583124e+01	2.525000e+03	1.000000e+02	4.211392e-03	5.458467e+00	1.465277e+00	4.750720e+00	1.405265e+00	8.502097e-01	9.807841e-01	1.144399e+00	3.163951e-01	8.799450e+00	
