Time	NEval	Generation	f	x(1)	x(2)	x(3)	x(4)	x(5)	x(6)	x(7)	
6.456306e-01	5.000000e+01	1.000000e+00	5.142273e-03	1.000000e-01	2.315944e+00	4.888977e+00	1.770599e+00	2.281766e+00	6.180597e-01	1.000000e+00	
1.739657e+00	7.500000e+01	2.000000e+00	5.142273e-03	1.000000e-01	2.315944e+00	4.888977e+00	1.770599e+00	2.281766e+00	6.180597e-01	1.000000e+00	
1.974695e+00	1.000000e+02	3.000000e+00	5.142273e-03	1.000000e-01	2.315944e+00	4.888977e+00	1.770599e+00	2.281766e+00	6.180597e-01	1.000000e+00	
2.224478e+00	1.250000e+02	4.000000e+00	5.142273e-03	1.000000e-01	2.315944e+00	4.888977e+00	1.770599e+00	2.281766e+00	6.180597e-01	1.000000e+00	
2.467103e+00	1.500000e+02	5.000000e+00	5.142273e-03	1.000000e-01	2.315944e+00	4.888977e+00	1.770599e+00	2.281766e+00	6.180597e-01	1.000000e+00	
2.723610e+00	1.750000e+02	6.000000e+00	5.142273e-03	1.000000e-01	2.315944e+00	4.888977e+00	1.770599e+00	2.281766e+00	6.180597e-01	1.000000e+00	
2.957634e+00	2.000000e+02	7.000000e+00	5.142273e-03	1.000000e-01	2.315944e+00	4.888977e+00	1.770599e+00	2.281766e+00	6.180597e-01	1.000000e+00	
3.196538e+00	2.250000e+02	8.000000e+00	5.142273e-03	1.000000e-01	2.315944e+00	4.888977e+00	1.770599e+00	2.281766e+00	6.180597e-01	1.000000e+00	
3.417894e+00	2.500000e+02	9.000000e+00	5.142273e-03	1.000000e-01	2.315944e+00	4.888977e+00	1.770599e+00	2.281766e+00	6.180597e-01	1.000000e+00	
3.647678e+00	2.750000e+02	1.000000e+01	5.142273e-03	1.000000e-01	2.315944e+00	4.888977e+00	1.770599e+00	2.281766e+00	6.180597e-01	1.000000e+00	
3.880005e+00	3.000000e+02	1.100000e+01	5.142273e-03	1.000000e-01	2.315944e+00	4.888977e+00	1.770599e+00	2.281766e+00	6.180597e-01	1.000000e+00	
4.124969e+00	3.250000e+02	1.200000e+01	5.142273e-03	1.000000e-01	2.315944e+00	4.888977e+00	1.770599e+00	2.281766e+00	6.180597e-01	1.000000e+00	
4.362059e+00	3.500000e+02	1.300000e+01	5.142273e-03	1.000000e-01	2.315944e+00	4.888977e+00	1.770599e+00	2.281766e+00	6.180597e-01	1.000000e+00	
4.602293e+00	3.750000e+02	1.400000e+01	4.817356e-03	1.000000e-01	1.695669e+00	1.861670e+00	1.965172e+00	1.072310e+00	8.891931e-01	1.000000e+00	
5.114656e+00	4.000000e+02	1.500000e+01	4.387052e-03	1.000000e-01	1.709689e+00	3.362856e+00	1.543281e+00	2.096388e+00	6.935619e-01	1.000000e+00	
5.585303e+00	4.250000e+02	1.600000e+01	3.512435e-03	1.000000e-01	1.529908e+00	3.330508e+00	1.985859e+00	2.048532e+00	1.368618e+00	1.000000e+00	
5.968249e+00	4.500000e+02	1.700000e+01	3.512435e-03	1.000000e-01	1.529908e+00	3.330508e+00	1.985859e+00	2.048532e+00	1.368618e+00	1.000000e+00	
6.199021e+00	4.750000e+02	1.800000e+01	3.512435e-03	1.000000e-01	1.529908e+00	3.330508e+00	1.985859e+00	2.048532e+00	1.368618e+00	1.000000e+00	
6.435110e+00	5.000000e+02	1.900000e+01	2.191208e-03	1.000000e-01	1.600541e+00	6.116640e+00	1.335833e+00	3.964245e+00	7.084530e-01	1.000000e+00	
6.868715e+00	5.250000e+02	2.000000e+01	2.191208e-03	1.000000e-01	1.600541e+00	6.116640e+00	1.335833e+00	3.964245e+00	7.084530e-01	1.000000e+00	
7.107787e+00	5.500000e+02	2.100000e+01	2.191208e-03	1.000000e-01	1.600541e+00	6.116640e+00	1.335833e+00	3.964245e+00	7.084530e-01	1.000000e+00	
7.352335e+00	5.750000e+02	2.200000e+01	2.191208e-03	1.000000e-01	1.600541e+00	6.116640e+00	1.335833e+00	3.964245e+00	7.084530e-01	1.000000e+00	
7.595362e+00	6.000000e+02	2.300000e+01	2.191208e-03	1.000000e-01	1.600541e+00	6.116640e+00	1.335833e+00	3.964245e+00	7.084530e-01	1.000000e+00	
7.828257e+00	6.250000e+02	2.400000e+01	2.191208e-03	1.000000e-01	1.600541e+00	6.116640e+00	1.335833e+00	3.964245e+00	7.084530e-01	1.000000e+00	
8.065967e+00	6.500000e+02	2.500000e+01	2.191208e-03	1.000000e-01	1.600541e+00	6.116640e+00	1.335833e+00	3.964245e+00	7.084530e-01	1.000000e+00	
8.303422e+00	6.750000e+02	2.600000e+01	2.191208e-03	1.000000e-01	1.600541e+00	6.116640e+00	1.335833e+00	3.964245e+00	7.084530e-01	1.000000e+00	
8.544333e+00	7.000000e+02	2.700000e+01	2.191208e-03	1.000000e-01	1.600541e+00	6.116640e+00	1.335833e+00	3.964245e+00	7.084530e-01	1.000000e+00	
8.786511e+00	7.250000e+02	2.800000e+01	2.191208e-03	1.000000e-01	1.600541e+00	6.116640e+00	1.335833e+00	3.964245e+00	7.084530e-01	1.000000e+00	
9.031313e+00	7.500000e+02	2.900000e+01	2.191208e-03	1.000000e-01	1.600541e+00	6.116640e+00	1.335833e+00	3.964245e+00	7.084530e-01	1.000000e+00	
9.270084e+00	7.750000e+02	3.000000e+01	2.191208e-03	1.000000e-01	1.600541e+00	6.116640e+00	1.335833e+00	3.964245e+00	7.084530e-01	1.000000e+00	
9.513306e+00	8.000000e+02	3.100000e+01	2.191208e-03	1.000000e-01	1.600541e+00	6.116640e+00	1.335833e+00	3.964245e+00	7.084530e-01	1.000000e+00	
9.758204e+00	8.250000e+02	3.200000e+01	2.191208e-03	1.000000e-01	1.600541e+00	6.116640e+00	1.335833e+00	3.964245e+00	7.084530e-01	1.000000e+00	
9.988939e+00	8.500000e+02	3.300000e+01	2.191208e-03	1.000000e-01	1.600541e+00	6.116640e+00	1.335833e+00	3.964245e+00	7.084530e-01	1.000000e+00	
1.023730e+01	8.750000e+02	3.400000e+01	2.191208e-03	1.000000e-01	1.600541e+00	6.116640e+00	1.335833e+00	3.964245e+00	7.084530e-01	1.000000e+00	
1.046837e+01	9.000000e+02	3.500000e+01	2.191208e-03	1.000000e-01	1.600541e+00	6.116640e+00	1.335833e+00	3.964245e+00	7.084530e-01	1.000000e+00	
1.071068e+01	9.250000e+02	3.600000e+01	2.191208e-03	1.000000e-01	1.600541e+00	6.116640e+00	1.335833e+00	3.964245e+00	7.084530e-01	1.000000e+00	
1.095783e+01	9.500000e+02	3.700000e+01	2.191208e-03	1.000000e-01	1.600541e+00	6.116640e+00	1.335833e+00	3.964245e+00	7.084530e-01	1.000000e+00	
1.119704e+01	9.750000e+02	3.800000e+01	2.191208e-03	1.000000e-01	1.600541e+00	6.116640e+00	1.335833e+00	3.964245e+00	7.084530e-01	1.000000e+00	
1.144598e+01	1.000000e+03	3.900000e+01	2.191208e-03	1.000000e-01	1.600541e+00	6.116640e+00	1.335833e+00	3.964245e+00	7.084530e-01	1.000000e+00	
1.168434e+01	1.025000e+03	4.000000e+01	2.191208e-03	1.000000e-01	1.600541e+00	6.116640e+00	1.335833e+00	3.964245e+00	7.084530e-01	1.000000e+00	
1.192718e+01	1.050000e+03	4.100000e+01	2.191208e-03	1.000000e-01	1.600541e+00	6.116640e+00	1.335833e+00	3.964245e+00	7.084530e-01	1.000000e+00	
1.216525e+01	1.075000e+03	4.200000e+01	2.191208e-03	1.000000e-01	1.600541e+00	6.116640e+00	1.335833e+00	3.964245e+00	7.084530e-01	1.000000e+00	
1.239949e+01	1.100000e+03	4.300000e+01	2.191208e-03	1.000000e-01	1.600541e+00	6.116640e+00	1.335833e+00	3.964245e+00	7.084530e-01	1.000000e+00	
1.263264e+01	1.125000e+03	4.400000e+01	1.298016e-03	1.000000e-01	1.212773e+00	2.615489e+00	4.822764e-01	2.492717e+00	3.325032e-01	1.000000e+00	
1.298664e+01	1.150000e+03	4.500000e+01	1.298016e-03	1.000000e-01	1.212773e+00	2.615489e+00	4.822764e-01	2.492717e+00	3.325032e-01	1.000000e+00	
1.321688e+01	1.175000e+03	4.600000e+01	1.298016e-03	1.000000e-01	1.212773e+00	2.615489e+00	4.822764e-01	2.492717e+00	3.325032e-01	1.000000e+00	
1.343422e+01	1.200000e+03	4.700000e+01	1.298016e-03	1.000000e-01	1.212773e+00	2.615489e+00	4.822764e-01	2.492717e+00	3.325032e-01	1.000000e+00	
1.366852e+01	1.225000e+03	4.800000e+01	1.298016e-03	1.000000e-01	1.212773e+00	2.615489e+00	4.822764e-01	2.492717e+00	3.325032e-01	1.000000e+00	
1.390466e+01	1.250000e+03	4.900000e+01	1.298016e-03	1.000000e-01	1.212773e+00	2.615489e+00	4.822764e-01	2.492717e+00	3.325032e-01	1.000000e+00	
1.414105e+01	1.275000e+03	5.000000e+01	1.298016e-03	1.000000e-01	1.212773e+00	2.615489e+00	4.822764e-01	2.492717e+00	3.325032e-01	1.000000e+00	
1.437655e+01	1.300000e+03	5.100000e+01	1.298016e-03	1.000000e-01	1.212773e+00	2.615489e+00	4.822764e-01	2.492717e+00	3.325032e-01	1.000000e+00	
1.461512e+01	1.325000e+03	5.200000e+01	1.298016e-03	1.000000e-01	1.212773e+00	2.615489e+00	4.822764e-01	2.492717e+00	3.325032e-01	1.000000e+00	
1.485397e+01	1.350000e+03	5.300000e+01	1.298016e-03	1.000000e-01	1.212773e+00	2.615489e+00	4.822764e-01	2.492717e+00	3.325032e-01	1.000000e+00	
1.508417e+01	1.375000e+03	5.400000e+01	1.298016e-03	1.000000e-01	1.212773e+00	2.615489e+00	4.822764e-01	2.492717e+00	3.325032e-01	1.000000e+00	
1.531001e+01	1.400000e+03	5.500000e+01	1.298016e-03	1.000000e-01	1.212773e+00	2.615489e+00	4.822764e-01	2.492717e+00	3.325032e-01	1.000000e+00	
1.553687e+01	1.425000e+03	5.600000e+01	1.298016e-03	1.000000e-01	1.212773e+00	2.615489e+00	4.822764e-01	2.492717e+00	3.325032e-01	1.000000e+00	
1.576166e+01	1.450000e+03	5.700000e+01	1.298016e-03	1.000000e-01	1.212773e+00	2.615489e+00	4.822764e-01	2.492717e+00	3.325032e-01	1.000000e+00	
1.599407e+01	1.475000e+03	5.800000e+01	1.298016e-03	1.000000e-01	1.212773e+00	2.615489e+00	4.822764e-01	2.492717e+00	3.325032e-01	1.000000e+00	
1.622366e+01	1.500000e+03	5.900000e+01	1.298016e-03	1.000000e-01	1.212773e+00	2.615489e+00	4.822764e-01	2.492717e+00	3.325032e-01	1.000000e+00	
1.645381e+01	1.525000e+03	6.000000e+01	1.298016e-03	1.000000e-01	1.212773e+00	2.615489e+00	4.822764e-01	2.492717e+00	3.325032e-01	1.000000e+00	
1.668132e+01	1.550000e+03	6.100000e+01	1.298016e-03	1.000000e-01	1.212773e+00	2.615489e+00	4.822764e-01	2.492717e+00	3.325032e-01	1.000000e+00	
1.689276e+01	1.575000e+03	6.200000e+01	8.194321e-04	1.000000e-01	1.338603e+00	2.669231e+00	6.576260e-01	2.043662e+00	3.977952e-01	1.000000e+00	
1.722884e+01	1.600000e+03	6.300000e+01	8.194321e-04	1.000000e-01	1.338603e+00	2.669231e+00	6.576260e-01	2.043662e+00	3.977952e-01	1.000000e+00	
1.745411e+01	1.625000e+03	6.400000e+01	8.194321e-04	1.000000e-01	1.338603e+00	2.669231e+00	6.576260e-01	2.043662e+00	3.977952e-01	1.000000e+00	
1.767945e+01	1.650000e+03	6.500000e+01	8.194321e-04	1.000000e-01	1.338603e+00	2.669231e+00	6.576260e-01	2.043662e+00	3.977952e-01	1.000000e+00	
1.791429e+01	1.675000e+03	6.600000e+01	8.194321e-04	1.000000e-01	1.338603e+00	2.669231e+00	6.576260e-01	2.043662e+00	3.977952e-01	1.000000e+00	
1.812705e+01	1.700000e+03	6.700000e+01	8.194321e-04	1.000000e-01	1.338603e+00	2.669231e+00	6.576260e-01	2.043662e+00	3.977952e-01	1.000000e+00	
1.833607e+01	1.725000e+03	6.800000e+01	8.194321e-04	1.000000e-01	1.338603e+00	2.669231e+00	6.576260e-01	2.043662e+00	3.977952e-01	1.000000e+00	
1.855987e+01	1.750000e+03	6.900000e+01	8.194321e-04	1.000000e-01	1.338603e+00	2.669231e+00	6.576260e-01	2.043662e+00	3.977952e-01	1.000000e+00	
1.878679e+01	1.775000e+03	7.000000e+01	8.194321e-04	1.000000e-01	1.338603e+00	2.669231e+00	6.576260e-01	2.043662e+00	3.977952e-01	1.000000e+00	
1.902281e+01	1.800000e+03	7.100000e+01	6.260434e-04	1.000000e-01	1.215266e+00	2.828526e+00	3.741688e-01	2.603199e+00	2.328533e-01	1.000000e+00	
1.938304e+01	1.825000e+03	7.200000e+01	6.260434e-04	1.000000e-01	1.215266e+00	2.828526e+00	3.741688e-01	2.603199e+00	2.328533e-01	1.000000e+00	
1.959719e+01	1.850000e+03	7.300000e+01	6.260434e-04	1.000000e-01	1.215266e+00	2.828526e+00	3.741688e-01	2.603199e+00	2.328533e-01	1.000000e+00	
1.982239e+01	1.875000e+03	7.400000e+01	6.260434e-04	1.000000e-01	1.215266e+00	2.828526e+00	3.741688e-01	2.603199e+00	2.328533e-01	1.000000e+00	
2.004511e+01	1.900000e+03	7.500000e+01	6.260434e-04	1.000000e-01	1.215266e+00	2.828526e+00	3.741688e-01	2.603199e+00	2.328533e-01	1.000000e+00	
2.027168e+01	1.925000e+03	7.600000e+01	6.260434e-04	1.000000e-01	1.215266e+00	2.828526e+00	3.741688e-01	2.603199e+00	2.328533e-01	1.000000e+00	
2.049316e+01	1.950000e+03	7.700000e+01	6.260434e-04	1.000000e-01	1.215266e+00	2.828526e+00	3.741688e-01	2.603199e+00	2.328533e-01	1.000000e+00	
2.072571e+01	1.975000e+03	7.800000e+01	6.260434e-04	1.000000e-01	1.215266e+00	2.828526e+00	3.741688e-01	2.603199e+00	2.328533e-01	1.000000e+00	
2.095063e+01	2.000000e+03	7.900000e+01	6.260434e-04	1.000000e-01	1.215266e+00	2.828526e+00	3.741688e-01	2.603199e+00	2.328533e-01	1.000000e+00	
2.117266e+01	2.025000e+03	8.000000e+01	6.260434e-04	1.000000e-01	1.215266e+00	2.828526e+00	3.741688e-01	2.603199e+00	2.328533e-01	1.000000e+00	
2.139719e+01	2.050000e+03	8.100000e+01	6.260434e-04	1.000000e-01	1.215266e+00	2.828526e+00	3.741688e-01	2.603199e+00	2.328533e-01	1.000000e+00	
2.161792e+01	2.075000e+03	8.200000e+01	6.260434e-04	1.000000e-01	1.215266e+00	2.828526e+00	3.741688e-01	2.603199e+00	2.328533e-01	1.000000e+00	
2.183458e+01	2.100000e+03	8.300000e+01	6.260434e-04	1.000000e-01	1.215266e+00	2.828526e+00	3.741688e-01	2.603199e+00	2.328533e-01	1.000000e+00	
2.205321e+01	2.125000e+03	8.400000e+01	6.260434e-04	1.000000e-01	1.215266e+00	2.828526e+00	3.741688e-01	2.603199e+00	2.328533e-01	1.000000e+00	
2.227175e+01	2.150000e+03	8.500000e+01	6.260434e-04	1.000000e-01	1.215266e+00	2.828526e+00	3.741688e-01	2.603199e+00	2.328533e-01	1.000000e+00	
2.248703e+01	2.175000e+03	8.600000e+01	6.260434e-04	1.000000e-01	1.215266e+00	2.828526e+00	3.741688e-01	2.603199e+00	2.328533e-01	1.000000e+00	
2.269959e+01	2.200000e+03	8.700000e+01	4.478272e-04	1.000000e-01	9.535846e-01	4.562952e+00	5.871569e-01	5.202584e+00	5.384391e-01	1.000000e+00	
2.302254e+01	2.225000e+03	8.800000e+01	4.478272e-04	1.000000e-01	9.535846e-01	4.562952e+00	5.871569e-01	5.202584e+00	5.384391e-01	1.000000e+00	
2.323681e+01	2.250000e+03	8.900000e+01	4.478272e-04	1.000000e-01	9.535846e-01	4.562952e+00	5.871569e-01	5.202584e+00	5.384391e-01	1.000000e+00	
2.346099e+01	2.275000e+03	9.000000e+01	8.249568e-05	1.000000e-01	1.061522e+00	6.465063e+00	9.059125e-01	6.562891e+00	8.098727e-01	1.000000e+00	
2.380009e+01	2.300000e+03	9.100000e+01	8.249568e-05	1.000000e-01	1.061522e+00	6.465063e+00	9.059125e-01	6.562891e+00	8.098727e-01	1.000000e+00	
2.402442e+01	2.325000e+03	9.200000e+01	8.249568e-05	1.000000e-01	1.061522e+00	6.465063e+00	9.059125e-01	6.562891e+00	8.098727e-01	1.000000e+00	
2.424668e+01	2.350000e+03	9.300000e+01	8.249568e-05	1.000000e-01	1.061522e+00	6.465063e+00	9.059125e-01	6.562891e+00	8.098727e-01	1.000000e+00	
2.445609e+01	2.375000e+03	9.400000e+01	8.249568e-05	1.000000e-01	1.061522e+00	6.465063e+00	9.059125e-01	6.562891e+00	8.098727e-01	1.000000e+00	
2.467323e+01	2.400000e+03	9.500000e+01	8.249568e-05	1.000000e-01	1.061522e+00	6.465063e+00	9.059125e-01	6.562891e+00	8.098727e-01	1.000000e+00	
2.489479e+01	2.425000e+03	9.600000e+01	8.249568e-05	1.000000e-01	1.061522e+00	6.465063e+00	9.059125e-01	6.562891e+00	8.098727e-01	1.000000e+00	
2.510750e+01	2.450000e+03	9.700000e+01	8.249568e-05	1.000000e-01	1.061522e+00	6.465063e+00	9.059125e-01	6.562891e+00	8.098727e-01	1.000000e+00	
2.532716e+01	2.475000e+03	9.800000e+01	8.249568e-05	1.000000e-01	1.061522e+00	6.465063e+00	9.059125e-01	6.562891e+00	8.098727e-01	1.000000e+00	
2.555221e+01	2.500000e+03	9.900000e+01	8.249568e-05	1.000000e-01	1.061522e+00	6.465063e+00	9.059125e-01	6.562891e+00	8.098727e-01	1.000000e+00	
2.576490e+01	2.525000e+03	1.000000e+02	8.249568e-05	1.000000e-01	1.061522e+00	6.465063e+00	9.059125e-01	6.562891e+00	8.098727e-01	1.000000e+00	
2.597266e+01	2.550000e+03	1.010000e+02	8.249568e-05	1.000000e-01	1.061522e+00	6.465063e+00	9.059125e-01	6.562891e+00	8.098727e-01	1.000000e+00	
2.617757e+01	2.575000e+03	1.020000e+02	1.745193e-05	1.000000e-01	1.035481e+00	1.824648e+00	6.403857e-01	1.854328e+00	5.774469e-01	1.000000e+00	
2.650215e+01	2.600000e+03	1.030000e+02	1.745193e-05	1.000000e-01	1.035481e+00	1.824648e+00	6.403857e-01	1.854328e+00	5.774469e-01	1.000000e+00	
2.672151e+01	2.625000e+03	1.040000e+02	1.745193e-05	1.000000e-01	1.035481e+00	1.824648e+00	6.403857e-01	1.854328e+00	5.774469e-01	1.000000e+00	
2.694179e+01	2.650000e+03	1.050000e+02	1.745193e-05	1.000000e-01	1.035481e+00	1.824648e+00	6.403857e-01	1.854328e+00	5.774469e-01	1.000000e+00	
2.714294e+01	2.675000e+03	1.060000e+02	1.745193e-05	1.000000e-01	1.035481e+00	1.824648e+00	6.403857e-01	1.854328e+00	5.774469e-01	1.000000e+00	
2.734723e+01	2.700000e+03	1.070000e+02	1.745193e-05	1.000000e-01	1.035481e+00	1.824648e+00	6.403857e-01	1.854328e+00	5.774469e-01	1.000000e+00	
2.755230e+01	2.725000e+03	1.080000e+02	1.745193e-05	1.000000e-01	1.035481e+00	1.824648e+00	6.403857e-01	1.854328e+00	5.774469e-01	1.000000e+00	
2.776312e+01	2.750000e+03	1.090000e+02	1.745193e-05	1.000000e-01	1.035481e+00	1.824648e+00	6.403857e-01	1.854328e+00	5.774469e-01	1.000000e+00	
2.797288e+01	2.775000e+03	1.100000e+02	1.745193e-05	1.000000e-01	1.035481e+00	1.824648e+00	6.403857e-01	1.854328e+00	5.774469e-01	1.000000e+00	
2.817573e+01	2.800000e+03	1.110000e+02	1.745193e-05	1.000000e-01	1.035481e+00	1.824648e+00	6.403857e-01	1.854328e+00	5.774469e-01	1.000000e+00	
2.837735e+01	2.825000e+03	1.120000e+02	1.745193e-05	1.000000e-01	1.035481e+00	1.824648e+00	6.403857e-01	1.854328e+00	5.774469e-01	1.000000e+00	
2.858232e+01	2.850000e+03	1.130000e+02	1.745193e-05	1.000000e-01	1.035481e+00	1.824648e+00	6.403857e-01	1.854328e+00	5.774469e-01	1.000000e+00	
2.878806e+01	2.875000e+03	1.140000e+02	1.745193e-05	1.000000e-01	1.035481e+00	1.824648e+00	6.403857e-01	1.854328e+00	5.774469e-01	1.000000e+00	
2.899878e+01	2.900000e+03	1.150000e+02	1.745193e-05	1.000000e-01	1.035481e+00	1.824648e+00	6.403857e-01	1.854328e+00	5.774469e-01	1.000000e+00	
2.921133e+01	2.925000e+03	1.160000e+02	1.745193e-05	1.000000e-01	1.035481e+00	1.824648e+00	6.403857e-01	1.854328e+00	5.774469e-01	1.000000e+00	
2.942528e+01	2.950000e+03	1.170000e+02	1.745193e-05	1.000000e-01	1.035481e+00	1.824648e+00	6.403857e-01	1.854328e+00	5.774469e-01	1.000000e+00	
2.963901e+01	2.975000e+03	1.180000e+02	1.745193e-05	1.000000e-01	1.035481e+00	1.824648e+00	6.403857e-01	1.854328e+00	5.774469e-01	1.000000e+00	
2.985618e+01	3.000000e+03	1.190000e+02	1.745193e-05	1.000000e-01	1.035481e+00	1.824648e+00	6.403857e-01	1.854328e+00	5.774469e-01	1.000000e+00	
3.006839e+01	3.025000e+03	1.200000e+02	1.745193e-05	1.000000e-01	1.035481e+00	1.824648e+00	6.403857e-01	1.854328e+00	5.774469e-01	1.000000e+00	
3.028209e+01	3.050000e+03	1.210000e+02	1.745193e-05	1.000000e-01	1.035481e+00	1.824648e+00	6.403857e-01	1.854328e+00	5.774469e-01	1.000000e+00	
3.048729e+01	3.075000e+03	1.220000e+02	1.745193e-05	1.000000e-01	1.035481e+00	1.824648e+00	6.403857e-01	1.854328e+00	5.774469e-01	1.000000e+00	
3.069785e+01	3.100000e+03	1.230000e+02	1.745193e-05	1.000000e-01	1.035481e+00	1.824648e+00	6.403857e-01	1.854328e+00	5.774469e-01	1.000000e+00	
3.090999e+01	3.125000e+03	1.240000e+02	1.745193e-05	1.000000e-01	1.035481e+00	1.824648e+00	6.403857e-01	1.854328e+00	5.774469e-01	1.000000e+00	
3.111698e+01	3.150000e+03	1.250000e+02	1.745193e-05	1.000000e-01	1.035481e+00	1.824648e+00	6.403857e-01	1.854328e+00	5.774469e-01	1.000000e+00	
3.133505e+01	3.175000e+03	1.260000e+02	1.745193e-05	1.000000e-01	1.035481e+00	1.824648e+00	6.403857e-01	1.854328e+00	5.774469e-01	1.000000e+00	
3.155202e+01	3.200000e+03	1.270000e+02	1.745193e-05	1.000000e-01	1.035481e+00	1.824648e+00	6.403857e-01	1.854328e+00	5.774469e-01	1.000000e+00	
3.175803e+01	3.225000e+03	1.280000e+02	1.745193e-05	1.000000e-01	1.035481e+00	1.824648e+00	6.403857e-01	1.854328e+00	5.774469e-01	1.000000e+00	
3.197534e+01	3.250000e+03	1.290000e+02	1.745193e-05	1.000000e-01	1.035481e+00	1.824648e+00	6.403857e-01	1.854328e+00	5.774469e-01	1.000000e+00	
3.218389e+01	3.275000e+03	1.300000e+02	1.745193e-05	1.000000e-01	1.035481e+00	1.824648e+00	6.403857e-01	1.854328e+00	5.774469e-01	1.000000e+00	
3.239546e+01	3.300000e+03	1.310000e+02	1.745193e-05	1.000000e-01	1.035481e+00	1.824648e+00	6.403857e-01	1.854328e+00	5.774469e-01	1.000000e+00	
3.260572e+01	3.325000e+03	1.320000e+02	1.745193e-05	1.000000e-01	1.035481e+00	1.824648e+00	6.403857e-01	1.854328e+00	5.774469e-01	1.000000e+00	
3.280635e+01	3.350000e+03	1.330000e+02	1.745193e-05	1.000000e-01	1.035481e+00	1.824648e+00	6.403857e-01	1.854328e+00	5.774469e-01	1.000000e+00	
3.301216e+01	3.375000e+03	1.340000e+02	1.745193e-05	1.000000e-01	1.035481e+00	1.824648e+00	6.403857e-01	1.854328e+00	5.774469e-01	1.000000e+00	
3.322677e+01	3.400000e+03	1.350000e+02	1.745193e-05	1.000000e-01	1.035481e+00	1.824648e+00	6.403857e-01	1.854328e+00	5.774469e-01	1.000000e+00	
3.343703e+01	3.425000e+03	1.360000e+02	1.745193e-05	1.000000e-01	1.035481e+00	1.824648e+00	6.403857e-01	1.854328e+00	5.774469e-01	1.000000e+00	
3.364890e+01	3.450000e+03	1.370000e+02	1.745193e-05	1.000000e-01	1.035481e+00	1.824648e+00	6.403857e-01	1.854328e+00	5.774469e-01	1.000000e+00	
3.385602e+01	3.475000e+03	1.380000e+02	1.745193e-05	1.000000e-01	1.035481e+00	1.824648e+00	6.403857e-01	1.854328e+00	5.774469e-01	1.000000e+00	
3.407139e+01	3.500000e+03	1.390000e+02	1.745193e-05	1.000000e-01	1.035481e+00	1.824648e+00	6.403857e-01	1.854328e+00	5.774469e-01	1.000000e+00	
3.428003e+01	3.525000e+03	1.400000e+02	1.745193e-05	1.000000e-01	1.035481e+00	1.824648e+00	6.403857e-01	1.854328e+00	5.774469e-01	1.000000e+00	
3.448587e+01	3.550000e+03	1.410000e+02	1.745193e-05	1.000000e-01	1.035481e+00	1.824648e+00	6.403857e-01	1.854328e+00	5.774469e-01	1.000000e+00	
3.469515e+01	3.575000e+03	1.420000e+02	1.745193e-05	1.000000e-01	1.035481e+00	1.824648e+00	6.403857e-01	1.854328e+00	5.774469e-01	1.000000e+00	
3.490310e+01	3.600000e+03	1.430000e+02	1.745193e-05	1.000000e-01	1.035481e+00	1.824648e+00	6.403857e-01	1.854328e+00	5.774469e-01	1.000000e+00	
3.511651e+01	3.625000e+03	1.440000e+02	1.745193e-05	1.000000e-01	1.035481e+00	1.824648e+00	6.403857e-01	1.854328e+00	5.774469e-01	1.000000e+00	
3.532719e+01	3.650000e+03	1.450000e+02	1.745193e-05	1.000000e-01	1.035481e+00	1.824648e+00	6.403857e-01	1.854328e+00	5.774469e-01	1.000000e+00	
3.553989e+01	3.675000e+03	1.460000e+02	1.745193e-05	1.000000e-01	1.035481e+00	1.824648e+00	6.403857e-01	1.854328e+00	5.774469e-01	1.000000e+00	
3.574679e+01	3.700000e+03	1.470000e+02	1.745193e-05	1.000000e-01	1.035481e+00	1.824648e+00	6.403857e-01	1.854328e+00	5.774469e-01	1.000000e+00	
3.596086e+01	3.725000e+03	1.480000e+02	1.745193e-05	1.000000e-01	1.035481e+00	1.824648e+00	6.403857e-01	1.854328e+00	5.774469e-01	1.000000e+00	
3.616513e+01	3.750000e+03	1.490000e+02	1.745193e-05	1.000000e-01	1.035481e+00	1.824648e+00	6.403857e-01	1.854328e+00	5.774469e-01	1.000000e+00	
3.637225e+01	3.775000e+03	1.500000e+02	1.745193e-05	1.000000e-01	1.035481e+00	1.824648e+00	6.403857e-01	1.854328e+00	5.774469e-01	1.000000e+00	
3.658041e+01	3.800000e+03	1.510000e+02	1.745193e-05	1.000000e-01	1.035481e+00	1.824648e+00	6.403857e-01	1.854328e+00	5.774469e-01	1.000000e+00	
3.678523e+01	3.825000e+03	1.520000e+02	1.745193e-05	1.000000e-01	1.035481e+00	1.824648e+00	6.403857e-01	1.854328e+00	5.774469e-01	1.000000e+00	
3.699288e+01	3.850000e+03	1.530000e+02	1.745193e-05	1.000000e-01	1.035481e+00	1.824648e+00	6.403857e-01	1.854328e+00	5.774469e-01	1.000000e+00	
3.719923e+01	3.875000e+03	1.540000e+02	1.745193e-05	1.000000e-01	1.035481e+00	1.824648e+00	6.403857e-01	1.854328e+00	5.774469e-01	1.000000e+00	
3.741494e+01	3.900000e+03	1.550000e+02	1.745193e-05	1.000000e-01	1.035481e+00	1.824648e+00	6.403857e-01	1.854328e+00	5.774469e-01	1.000000e+00	
3.762861e+01	3.925000e+03	1.560000e+02	1.745193e-05	1.000000e-01	1.035481e+00	1.824648e+00	6.403857e-01	1.854328e+00	5.774469e-01	1.000000e+00	
3.783134e+01	3.950000e+03	1.570000e+02	1.558979e-05	1.000000e-01	9.895273e-01	4.794358e+00	6.500656e-01	5.237655e+00	6.178588e-01	1.000000e+00	
3.815305e+01	3.975000e+03	1.580000e+02	1.558979e-05	1.000000e-01	9.895273e-01	4.794358e+00	6.500656e-01	5.237655e+00	6.178588e-01	1.000000e+00	
3.836693e+01	4.000000e+03	1.590000e+02	1.558979e-05	1.000000e-01	9.895273e-01	4.794358e+00	6.500656e-01	5.237655e+00	6.178588e-01	1.000000e+00	
3.857583e+01	4.025000e+03	1.600000e+02	1.558979e-05	1.000000e-01	9.895273e-01	4.794358e+00	6.500656e-01	5.237655e+00	6.178588e-01	1.000000e+00	
3.878477e+01	4.050000e+03	1.610000e+02	1.558979e-05	1.000000e-01	9.895273e-01	4.794358e+00	6.500656e-01	5.237655e+00	6.178588e-01	1.000000e+00	
3.899445e+01	4.075000e+03	1.620000e+02	1.558979e-05	1.000000e-01	9.895273e-01	4.794358e+00	6.500656e-01	5.237655e+00	6.178588e-01	1.000000e+00	
3.920264e+01	4.100000e+03	1.630000e+02	1.558979e-05	1.000000e-01	9.895273e-01	4.794358e+00	6.500656e-01	5.237655e+00	6.178588e-01	1.000000e+00	
3.941954e+01	4.125000e+03	1.640000e+02	1.558979e-05	1.000000e-01	9.895273e-01	4.794358e+00	6.500656e-01	5.237655e+00	6.178588e-01	1.000000e+00	
3.963378e+01	4.150000e+03	1.650000e+02	1.558979e-05	1.000000e-01	9.895273e-01	4.794358e+00	6.500656e-01	5.237655e+00	6.178588e-01	1.000000e+00	
3.983920e+01	4.175000e+03	1.660000e+02	1.558979e-05	1.000000e-01	9.895273e-01	4.794358e+00	6.500656e-01	5.237655e+00	6.178588e-01	1.000000e+00	
4.004981e+01	4.200000e+03	1.670000e+02	1.558979e-05	1.000000e-01	9.895273e-01	4.794358e+00	6.500656e-01	5.237655e+00	6.178588e-01	1.000000e+00	
4.025468e+01	4.225000e+03	1.680000e+02	1.558979e-05	1.000000e-01	9.895273e-01	4.794358e+00	6.500656e-01	5.237655e+00	6.178588e-01	1.000000e+00	
4.046395e+01	4.250000e+03	1.690000e+02	1.558979e-05	1.000000e-01	9.895273e-01	4.794358e+00	6.500656e-01	5.237655e+00	6.178588e-01	1.000000e+00	
4.067203e+01	4.275000e+03	1.700000e+02	1.558979e-05	1.000000e-01	9.895273e-01	4.794358e+00	6.500656e-01	5.237655e+00	6.178588e-01	1.000000e+00	
4.087853e+01	4.300000e+03	1.710000e+02	1.558979e-05	1.000000e-01	9.895273e-01	4.794358e+00	6.500656e-01	5.237655e+00	6.178588e-01	1.000000e+00	
4.108104e+01	4.325000e+03	1.720000e+02	1.558979e-05	1.000000e-01	9.895273e-01	4.794358e+00	6.500656e-01	5.237655e+00	6.178588e-01	1.000000e+00	
4.128539e+01	4.350000e+03	1.730000e+02	1.558979e-05	1.000000e-01	9.895273e-01	4.794358e+00	6.500656e-01	5.237655e+00	6.178588e-01	1.000000e+00	
4.149425e+01	4.375000e+03	1.740000e+02	1.558979e-05	1.000000e-01	9.895273e-01	4.794358e+00	6.500656e-01	5.237655e+00	6.178588e-01	1.000000e+00	
4.170168e+01	4.400000e+03	1.750000e+02	1.558979e-05	1.000000e-01	9.895273e-01	4.794358e+00	6.500656e-01	5.237655e+00	6.178588e-01	1.000000e+00	
4.190887e+01	4.425000e+03	1.760000e+02	1.558979e-05	1.000000e-01	9.895273e-01	4.794358e+00	6.500656e-01	5.237655e+00	6.178588e-01	1.000000e+00	
4.211608e+01	4.450000e+03	1.770000e+02	1.558979e-05	1.000000e-01	9.895273e-01	4.794358e+00	6.500656e-01	5.237655e+00	6.178588e-01	1.000000e+00	
4.232386e+01	4.475000e+03	1.780000e+02	1.558979e-05	1.000000e-01	9.895273e-01	4.794358e+00	6.500656e-01	5.237655e+00	6.178588e-01	1.000000e+00	
4.252936e+01	4.500000e+03	1.790000e+02	1.303972e-05	1.000000e-01	1.018730e+00	3.726264e+00	5.436146e-01	3.941535e+00	4.819160e-01	1.000000e+00	
4.284651e+01	4.525000e+03	1.800000e+02	1.303972e-05	1.000000e-01	1.018730e+00	3.726264e+00	5.436146e-01	3.941535e+00	4.819160e-01	1.000000e+00	
4.305854e+01	4.550000e+03	1.810000e+02	1.303972e-05	1.000000e-01	1.018730e+00	3.726264e+00	5.436146e-01	3.941535e+00	4.819160e-01	1.000000e+00	
4.327259e+01	4.575000e+03	1.820000e+02	1.303972e-05	1.000000e-01	1.018730e+00	3.726264e+00	5.436146e-01	3.941535e+00	4.819160e-01	1.000000e+00	
4.348744e+01	4.600000e+03	1.830000e+02	1.303972e-05	1.000000e-01	1.018730e+00	3.726264e+00	5.436146e-01	3.941535e+00	4.819160e-01	1.000000e+00	
4.368908e+01	4.625000e+03	1.840000e+02	1.303972e-05	1.000000e-01	1.018730e+00	3.726264e+00	5.436146e-01	3.941535e+00	4.819160e-01	1.000000e+00	
4.389179e+01	4.650000e+03	1.850000e+02	1.303972e-05	1.000000e-01	1.018730e+00	3.726264e+00	5.436146e-01	3.941535e+00	4.819160e-01	1.000000e+00	
4.409943e+01	4.675000e+03	1.860000e+02	1.303972e-05	1.000000e-01	1.018730e+00	3.726264e+00	5.436146e-01	3.941535e+00	4.819160e-01	1.000000e+00	
4.430978e+01	4.700000e+03	1.870000e+02	1.303972e-05	1.000000e-01	1.018730e+00	3.726264e+00	5.436146e-01	3.941535e+00	4.819160e-01	1.000000e+00	
4.451935e+01	4.725000e+03	1.880000e+02	1.303972e-05	1.000000e-01	1.018730e+00	3.726264e+00	5.436146e-01	3.941535e+00	4.819160e-01	1.000000e+00	
4.473157e+01	4.750000e+03	1.890000e+02	1.303972e-05	1.000000e-01	1.018730e+00	3.726264e+00	5.436146e-01	3.941535e+00	4.819160e-01	1.000000e+00	
4.494389e+01	4.775000e+03	1.900000e+02	1.303972e-05	1.000000e-01	1.018730e+00	3.726264e+00	5.436146e-01	3.941535e+00	4.819160e-01	1.000000e+00	
4.515735e+01	4.800000e+03	1.910000e+02	1.303972e-05	1.000000e-01	1.018730e+00	3.726264e+00	5.436146e-01	3.941535e+00	4.819160e-01	1.000000e+00	
4.536706e+01	4.825000e+03	1.920000e+02	1.303972e-05	1.000000e-01	1.018730e+00	3.726264e+00	5.436146e-01	3.941535e+00	4.819160e-01	1.000000e+00	
4.557400e+01	4.850000e+03	1.930000e+02	1.303972e-05	1.000000e-01	1.018730e+00	3.726264e+00	5.436146e-01	3.941535e+00	4.819160e-01	1.000000e+00	
4.577691e+01	4.875000e+03	1.940000e+02	1.303972e-05	1.000000e-01	1.018730e+00	3.726264e+00	5.436146e-01	3.941535e+00	4.819160e-01	1.000000e+00	
4.598494e+01	4.900000e+03	1.950000e+02	1.168130e-05	1.000000e-01	1.006803e+00	4.701300e+00	5.887738e-01	5.030922e+00	5.399468e-01	1.000000e+00	
4.629882e+01	4.925000e+03	1.960000e+02	1.168130e-05	1.000000e-01	1.006803e+00	4.701300e+00	5.887738e-01	5.030922e+00	5.399468e-01	1.000000e+00	
4.650382e+01	4.950000e+03	1.970000e+02	9.166229e-06	1.000000e-01	1.013821e+00	3.474068e+00	6.104509e-01	3.682110e+00	5.609199e-01	1.000000e+00	
4.681889e+01	4.975000e+03	1.980000e+02	9.166229e-06	1.000000e-01	1.013821e+00	3.474068e+00	6.104509e-01	3.682110e+00	5.609199e-01	1.000000e+00	
4.702857e+01	5.000000e+03	1.990000e+02	9.166229e-06	1.000000e-01	1.013821e+00	3.474068e+00	6.104509e-01	3.682110e+00	5.609199e-01	1.000000e+00	
4.723253e+01	5.025000e+03	2.000000e+02	9.166229e-06	1.000000e-01	1.013821e+00	3.474068e+00	6.104509e-01	3.682110e+00	5.609199e-01	1.000000e+00	
