f	phi	x(1)	x(2)	x(3)	x(4)	x(5)	x(6)	x(7)	x(8)	x(9)	x(10)	g(1)	g(2)	
3.000000e+00	0.000000e+00	-1.618034e+00	6.180340e-01	-5.853091e-05	-9.732215e-05	6.040337e-05	6.471120e-06	-1.402294e-04	-1.037535e-04	3.650191e-06	-1.039807e-04	-2.909821e-09	-1.383071e-08	
3.000000e+00	0.000000e+00	-1.618034e+00	6.180340e-01	-1.911967e-04	4.230579e-05	-7.441021e-05	-8.039971e-06	-5.091871e-05	-1.883869e-04	-4.952253e-05	8.536356e-06	-5.701682e-09	-7.680086e-09	
3.000000e+00	0.000000e+00	-1.618034e+00	6.180340e-01	4.068361e-06	-1.373182e-04	-7.052271e-05	1.251641e-04	-1.886135e-05	-9.191306e-05	7.768845e-05	-7.592603e-05	-2.318324e-08	-3.857986e-09	
3.000000e+00	0.000000e+00	-1.618034e+00	6.180340e-01	-9.578270e-05	5.409193e-05	1.531016e-04	3.886709e-05	-2.993744e-05	3.693154e-05	-1.294499e-07	7.696424e-06	-1.966719e-08	-1.790266e-08	
3.000000e+00	0.000000e+00	-1.618034e+00	6.180340e-01	-1.076249e-05	1.652555e-04	-1.568532e-04	7.905949e-05	-1.367636e-04	4.962067e-05	-9.399229e-06	3.734016e-05	-1.199527e-08	-1.787400e-08	
3.000000e+00	0.000000e+00	-1.618034e+00	6.180340e-01	8.520785e-05	-1.906479e-05	1.194827e-04	1.693602e-05	-1.354888e-05	1.175041e-05	-1.420934e-04	6.021565e-05	-3.691666e-08	-1.142301e-08	
3.000000e+00	0.000000e+00	-1.618034e+00	6.180340e-01	-5.894023e-05	-7.925523e-05	3.550107e-05	-5.081876e-05	-2.399197e-05	7.049795e-05	-8.509528e-06	-2.244674e-04	-1.754973e-08	-1.917684e-08	
3.000000e+00	0.000000e+00	-1.618034e+00	6.180340e-01	1.283131e-04	1.179623e-04	1.077178e-04	2.937618e-05	-1.109215e-04	-3.547645e-05	-3.273318e-05	-4.240101e-06	-3.695368e-08	-6.533911e-09	
3.000000e+00	0.000000e+00	-1.618034e+00	6.180340e-01	-1.315684e-04	-1.809473e-05	9.364673e-05	-9.975728e-05	-4.554000e-05	-8.888714e-05	2.453385e-04	9.530997e-06	-3.306304e-09	-1.733248e-08	
3.000000e+00	0.000000e+00	-1.618034e+00	6.180340e-01	-7.253214e-05	2.411286e-05	9.740866e-05	8.085383e-05	-1.657508e-05	-7.235628e-05	-1.816608e-05	-1.586331e-04	-2.551182e-08	-2.208494e-08	
3.000000e+00	0.000000e+00	-1.618034e+00	6.180340e-01	8.666802e-05	2.067035e-05	-2.852866e-05	1.043512e-05	-1.079675e-04	-9.106798e-05	-1.802218e-06	1.564895e-05	-3.634988e-08	-2.540982e-08	
3.000000e+00	0.000000e+00	-1.618034e+00	6.180340e-01	2.304566e-04	-2.000932e-05	2.144803e-05	5.269615e-05	3.086730e-08	-8.671091e-05	-1.490316e-04	-1.897337e-04	-3.859910e-09	-1.256056e-08	
3.000000e+00	0.000000e+00	-1.618034e+00	6.180340e-01	1.599223e-04	3.266121e-05	2.045264e-05	7.810149e-05	-7.866443e-07	2.604244e-05	1.418738e-05	2.686027e-05	-3.369437e-08	-2.912861e-08	
3.000000e+00	0.000000e+00	-1.618034e+00	6.180340e-01	1.487636e-04	3.735161e-06	4.437741e-05	4.415167e-05	1.434968e-04	1.459376e-04	-8.321105e-05	1.378211e-04	-6.160265e-09	-2.746289e-08	
3.000000e+00	0.000000e+00	-1.618034e+00	6.180340e-01	3.775289e-05	5.127004e-05	3.315335e-06	1.727639e-06	7.433185e-05	8.869864e-05	1.335784e-04	5.435086e-05	-2.211576e-08	-4.049110e-08	
3.000000e+00	0.000000e+00	-1.618034e+00	6.180340e-01	-1.341212e-06	4.885624e-06	-3.210782e-05	7.128362e-05	3.187840e-05	1.636426e-04	4.300864e-05	6.634880e-05	-5.357774e-08	-8.808341e-09	
3.000000e+00	0.000000e+00	-1.618034e+00	6.180340e-01	-1.251812e-04	-4.161939e-05	-9.395656e-05	-1.137493e-05	-3.144043e-05	2.155048e-04	-2.067009e-04	2.081472e-05	-2.222451e-08	-3.481030e-09	
3.000000e+00	0.000000e+00	-1.618034e+00	6.180340e-01	1.249265e-04	-6.373842e-05	-7.024799e-05	-2.045744e-05	-1.319655e-05	-1.162921e-04	1.297089e-04	-1.728824e-04	-9.239998e-09	-3.332930e-08	
3.000000e+00	0.000000e+00	-1.618034e+00	6.180340e-01	1.216236e-04	-1.544958e-04	7.187752e-06	-9.830637e-05	1.568017e-04	-1.757354e-05	3.267695e-05	1.283243e-05	-2.055178e-08	-2.893990e-08	
3.000000e+00	0.000000e+00	-1.618034e+00	6.180340e-01	1.008747e-05	-2.578709e-05	-8.304097e-05	1.810585e-04	5.810458e-05	5.412009e-05	1.988974e-04	-1.006846e-04	-9.563291e-09	-3.082767e-08	
3.000000e+00	0.000000e+00	-1.618034e+00	6.180340e-01	1.551886e-04	7.004765e-05	6.204175e-05	-1.817399e-04	1.450725e-04	-2.714350e-05	-1.635771e-05	1.526971e-04	-7.179106e-09	-2.610994e-08	
3.000000e+00	0.000000e+00	-1.618034e+00	6.180340e-01	6.568168e-05	-4.823510e-05	6.231526e-05	4.556273e-05	-2.922884e-05	-5.063316e-05	1.907970e-05	-2.244886e-05	-3.240773e-08	-4.859649e-08	
3.000000e+00	0.000000e+00	-1.618034e+00	6.180340e-01	-1.603092e-06	3.849662e-05	-2.996449e-05	8.483773e-05	6.402019e-05	1.801982e-04	5.779715e-05	1.658102e-04	-2.270838e-08	-2.896921e-08	
3.000000e+00	0.000000e+00	-1.618034e+00	6.180340e-01	-8.976149e-05	-9.111606e-05	3.410419e-04	-4.712729e-06	3.598373e-05	-1.233057e-04	-7.440513e-05	1.235048e-04	-5.219193e-09	-3.717728e-10	
3.000000e+00	0.000000e+00	-1.618034e+00	6.180340e-01	-1.107956e-04	3.283305e-06	-5.771395e-05	-1.273315e-04	2.696413e-05	-5.626058e-06	8.162852e-05	5.548056e-06	-7.720979e-11	-7.131842e-08	
3.000000e+00	0.000000e+00	-1.618034e+00	6.180340e-01	2.569640e-06	-1.001198e-04	1.318836e-04	-2.979364e-05	-9.184508e-05	-2.476217e-04	1.958369e-05	-1.378628e-04	-8.200809e-09	-2.478989e-08	
3.000000e+00	0.000000e+00	-1.618034e+00	6.180340e-01	4.038704e-05	-8.126253e-05	-9.840989e-05	1.066667e-05	-2.594918e-06	-7.571391e-05	2.011527e-05	-1.994287e-04	-1.825130e-08	-4.268283e-08	
3.000000e+00	0.000000e+00	-1.618034e+00	6.180340e-01	1.435109e-04	1.859743e-05	7.615999e-05	6.095817e-05	-8.002478e-05	1.861135e-05	3.929340e-05	4.749128e-05	-5.571269e-08	-1.683032e-08	
3.000000e+00	0.000000e+00	-1.618034e+00	6.180340e-01	-5.924183e-05	-1.816219e-04	-3.508284e-05	1.091284e-04	1.559624e-05	-8.448153e-05	1.200673e-04	-1.705657e-05	-1.070233e-09	-5.627047e-08	
3.000000e+00	0.000000e+00	-1.618034e+00	6.180340e-01	3.260270e-05	-4.682248e-05	1.609944e-04	9.005022e-05	-9.570649e-05	-7.684826e-05	-2.320011e-04	1.869090e-04	-7.691917e-09	-1.516792e-08	
3.000000e+00	0.000000e+00	-1.618034e+00	6.180340e-01	-1.361303e-04	-3.044089e-05	-1.485987e-05	1.209481e-04	-1.058517e-05	-3.060453e-04	5.274878e-05	-9.407128e-05	-2.158797e-08	-2.229406e-09	
3.000000e+00	0.000000e+00	-1.618034e+00	6.180340e-01	6.652773e-05	-9.583505e-06	-1.875874e-05	-1.810028e-04	-1.719500e-05	5.233029e-05	-8.643038e-05	5.016748e-06	-2.671373e-08	-4.291741e-08	
3.000000e+00	0.000000e+00	-1.618034e+00	6.180340e-01	1.664789e-04	-9.103466e-05	2.968140e-05	-1.473751e-04	-8.443558e-05	9.554453e-05	-1.333144e-04	1.228189e-04	-2.182787e-08	-1.826011e-08	
3.000000e+00	0.000000e+00	-1.618034e+00	6.180340e-01	-8.702182e-07	-2.155213e-04	-1.590310e-06	6.759244e-05	1.860942e-04	4.997129e-05	-3.554862e-05	-1.932974e-04	-1.271765e-08	-1.824849e-08	
3.000000e+00	0.000000e+00	-1.618034e+00	6.180340e-01	-1.016827e-04	7.224000e-05	-7.965487e-05	5.558863e-05	1.240244e-04	1.676786e-04	1.419529e-05	8.211136e-05	-2.664585e-08	-3.219484e-08	
3.000000e+00	0.000000e+00	-1.618034e+00	6.180340e-01	1.286020e-04	8.655954e-05	-4.072341e-05	-5.591743e-05	3.255724e-05	9.036995e-05	-1.347197e-04	-2.151665e-05	-5.265810e-08	-1.559701e-08	
3.000000e+00	0.000000e+00	-1.618034e+00	6.180340e-01	5.521382e-05	-2.990562e-05	-1.305191e-04	2.134986e-04	1.956810e-04	-1.426963e-06	-2.431166e-04	3.498196e-05	-1.549387e-08	-1.349014e-09	
3.000000e+00	0.000000e+00	-1.618034e+00	6.180340e-01	-7.647498e-05	7.544131e-05	6.579254e-05	-5.388754e-05	-2.437920e-04	4.663440e-05	4.285350e-07	1.716276e-04	-3.272269e-08	-1.508700e-08	
3.000000e+00	0.000000e+00	-1.618034e+00	6.180340e-01	4.016251e-05	-1.386629e-04	-1.532384e-05	-1.719261e-04	-1.424653e-04	6.798910e-06	5.917287e-05	7.360934e-05	-5.439317e-08	-9.493916e-09	
3.000000e+00	0.000000e+00	-1.618034e+00	6.180340e-01	1.070987e-05	1.287737e-04	-1.181839e-04	2.331640e-04	4.091763e-05	-9.601798e-05	7.253172e-05	9.183308e-05	-4.175966e-08	-7.822733e-09	
3.000000e+00	0.000000e+00	-1.618034e+00	6.180340e-01	1.861837e-04	1.206099e-04	1.072205e-04	5.204162e-05	-3.095230e-05	7.217900e-05	1.216123e-05	-8.953402e-05	-4.228665e-08	-2.527051e-08	
3.000000e+00	0.000000e+00	-1.618034e+00	6.180340e-01	6.755487e-05	-7.020910e-05	1.072709e-04	6.825514e-05	-5.848164e-05	4.950276e-05	-6.722791e-05	1.594786e-04	-7.411673e-08	-1.732875e-09	
3.000000e+00	0.000000e+00	-1.618034e+00	6.180340e-01	-1.550787e-04	-1.136571e-04	3.213110e-05	4.210933e-05	-3.484284e-05	-1.514533e-04	-1.974890e-04	-5.863903e-05	-1.214432e-08	-4.165775e-08	
3.000000e+00	0.000000e+00	-1.618034e+00	6.180340e-01	3.223291e-05	4.374495e-05	-1.208032e-04	8.672245e-05	-2.369259e-04	-1.629127e-04	7.944908e-06	-3.557923e-05	-4.281893e-08	-9.690625e-09	
3.000000e+00	0.000000e+00	-1.618034e+00	6.180340e-01	1.564988e-04	5.368203e-05	-2.425350e-04	2.222628e-06	9.106114e-05	1.428582e-04	-3.506421e-05	-1.618310e-04	-2.587047e-08	-1.016894e-08	
3.000000e+00	0.000000e+00	-1.618034e+00	6.180340e-01	7.462848e-05	-8.278994e-05	-1.156108e-04	1.423110e-04	1.325964e-04	-7.866897e-05	1.116548e-04	6.186066e-05	-4.051612e-08	-2.459398e-08	
3.000000e+00	0.000000e+00	-1.618034e+00	6.180340e-01	-8.727032e-05	-7.412417e-05	-1.036073e-04	-1.786930e-04	3.626975e-05	-1.144678e-04	-1.142803e-04	-1.761590e-04	-3.513229e-08	-1.902641e-08	
3.000000e+00	0.000000e+00	-1.618034e+00	6.180340e-01	-4.220284e-05	-6.900103e-05	-6.730466e-05	2.349255e-04	1.197106e-04	-1.938446e-04	3.234427e-05	-1.613533e-04	-3.204664e-08	-7.337576e-09	
3.000000e+00	0.000000e+00	-1.618034e+00	6.180340e-01	1.912845e-05	-7.279082e-05	2.904468e-05	-2.816975e-05	-1.046212e-04	-1.223297e-04	7.492423e-05	7.975732e-05	-6.187193e-09	-8.371671e-08	
3.000000e+00	0.000000e+00	-1.618034e+00	6.180340e-01	2.624377e-05	-1.946177e-05	1.570832e-05	-8.275039e-05	2.906727e-05	-3.037472e-05	-2.466416e-05	-4.507291e-05	-1.025569e-07	-4.089564e-09	
3.000000e+00	0.000000e+00	-1.618034e+00	6.180340e-01	5.917860e-06	-1.098274e-04	-1.160639e-05	6.042648e-05	2.315621e-04	-6.862167e-05	2.737128e-04	1.006971e-04	-3.392220e-08	-2.417311e-10	
3.000000e+00	0.000000e+00	-1.618034e+00	6.180340e-01	2.588695e-05	1.209456e-04	-1.325103e-05	6.000087e-05	-3.075287e-05	-1.699054e-04	2.335188e-04	1.889251e-04	-1.794098e-08	-2.671663e-08	
3.000000e+00	0.000000e+00	-1.618034e+00	6.180340e-01	-4.130457e-05	3.844743e-05	-7.678840e-05	6.939202e-05	1.793605e-05	-1.007601e-04	3.949507e-05	2.427290e-04	-4.531261e-08	-2.735311e-08	
3.000000e+00	0.000000e+00	-1.618034e+00	6.180340e-01	3.773562e-05	-3.418838e-05	-1.048489e-04	1.935638e-05	-2.476112e-04	-9.349456e-05	-1.003673e-04	-1.101377e-04	-8.937754e-09	-5.398712e-08	
3.000000e+00	0.000000e+00	-1.618034e+00	6.180340e-01	-3.568386e-05	-1.606749e-04	-1.651924e-04	-1.511340e-04	5.590688e-05	2.075780e-05	4.836847e-05	2.325064e-05	-3.340947e-08	-4.110746e-08	
3.000000e+00	0.000000e+00	-1.618034e+00	6.180340e-01	-2.895433e-05	5.515428e-05	2.526318e-05	1.789262e-04	6.047143e-05	6.373759e-05	-1.913131e-04	1.331680e-04	-1.521299e-08	-5.211085e-08	
3.000000e+00	0.000000e+00	-1.618034e+00	6.180340e-01	4.071611e-05	6.133709e-05	-4.200577e-05	2.800464e-06	-7.255268e-05	-2.493039e-04	2.184031e-05	-2.557847e-05	-4.372973e-08	-3.504892e-08	
3.000000e+00	0.000000e+00	-1.618034e+00	6.180340e-01	-5.929240e-05	4.466527e-05	1.028106e-04	2.023278e-04	6.724246e-05	-4.244378e-06	-1.054478e-04	-7.133358e-05	-2.090185e-08	-5.689843e-08	
3.000000e+00	0.000000e+00	-1.618034e+00	6.180340e-01	1.568399e-04	2.113590e-04	1.029049e-04	-5.020630e-05	1.553979e-04	-1.546499e-04	1.573971e-04	-1.895839e-05	-2.870666e-08	-1.047259e-08	
3.000000e+00	0.000000e+00	-1.618034e+00	6.180340e-01	-7.473827e-05	-7.348382e-05	7.869061e-05	2.805088e-04	1.471870e-04	-7.054504e-05	-3.000066e-06	-1.818605e-04	-2.336443e-08	-1.640320e-08	
3.000000e+00	0.000000e+00	-1.618034e+00	6.180340e-01	8.191481e-05	3.169251e-05	-1.472937e-05	1.008088e-04	8.473693e-05	-1.596192e-04	-9.930982e-05	1.781531e-06	-5.389870e-08	-3.409498e-08	
3.000000e+00	0.000000e+00	-1.618034e+00	6.180340e-01	1.393350e-04	4.046825e-05	-5.459270e-05	7.357983e-05	7.771063e-05	1.504210e-05	1.549182e-04	-7.832310e-05	-2.651081e-08	-5.930972e-08	
3.000000e+00	0.000000e+00	-1.618034e+00	6.180340e-01	1.115633e-04	1.660214e-04	-2.188851e-04	7.463772e-05	4.565964e-05	1.295257e-04	-1.470676e-04	-6.604385e-05	-1.908528e-08	-3.150051e-08	
3.000000e+00	0.000000e+00	-1.618034e+00	6.180340e-01	3.116605e-07	-8.599426e-05	6.170648e-05	6.341972e-05	6.861849e-05	-3.336499e-04	2.797220e-05	-7.899669e-05	-1.091648e-08	-4.001135e-08	
3.000000e+00	0.000000e+00	-1.618034e+00	6.180340e-01	-5.918334e-05	2.288808e-05	-9.329495e-05	1.414764e-04	-1.330008e-05	-1.124603e-04	1.971876e-04	-2.832977e-04	-1.231295e-08	-2.598983e-08	
3.000000e+00	0.000000e+00	-1.618034e+00	6.180340e-01	-1.112152e-04	9.934192e-05	2.647346e-04	7.062862e-05	9.860429e-05	-4.989042e-05	-8.451484e-05	4.057603e-05	-3.419239e-09	-5.846059e-08	
3.000000e+00	4.638602e-16	-1.618034e+00	6.180340e-01	8.527912e-05	-3.198928e-06	1.967961e-04	1.030502e-05	6.324912e-05	-1.270975e-04	-1.203906e-04	5.827279e-05	2.153741e-08	-6.016308e-08	
3.000000e+00	0.000000e+00	-1.618034e+00	6.180340e-01	3.387611e-04	7.027430e-05	-3.974666e-06	1.050978e-04	6.077466e-05	1.356711e-05	-1.435576e-04	-4.744399e-05	-1.351601e-08	-3.001635e-08	
3.000000e+00	0.000000e+00	-1.618034e+00	6.180340e-01	-2.640251e-04	-9.175340e-05	-2.208279e-04	-1.959705e-04	-1.891027e-04	-3.377705e-05	-4.265469e-05	-3.594750e-05	-7.110073e-09	-1.288292e-08	
3.000000e+00	0.000000e+00	-1.618034e+00	6.180340e-01	-8.504320e-06	-1.717942e-04	4.191550e-05	3.712445e-04	1.676517e-04	-2.780620e-05	1.508332e-04	-1.412774e-05	-7.999632e-09	-4.775640e-09	
3.000000e+00	0.000000e+00	-1.618034e+00	6.180340e-01	5.399470e-05	2.358059e-04	1.362912e-04	2.612116e-04	-1.187556e-04	-2.111762e-05	1.796725e-05	8.082483e-05	-6.248539e-09	-3.369963e-08	
3.000000e+00	0.000000e+00	-1.618034e+00	6.180340e-01	7.656635e-05	1.614193e-04	1.142459e-04	2.667708e-05	1.483231e-04	1.688326e-04	-2.063838e-04	-6.020288e-06	-5.211264e-08	-3.734213e-09	
3.000000e+00	0.000000e+00	-1.618034e+00	6.180340e-01	1.501255e-04	2.316359e-05	2.854242e-04	-1.675445e-04	-7.578807e-05	-2.293850e-05	-1.615250e-04	6.411338e-05	-3.598358e-08	-5.460981e-09	
3.000000e+00	0.000000e+00	-1.618034e+00	6.180340e-01	2.470340e-04	3.600655e-05	-1.205461e-04	2.581198e-04	-5.131987e-06	-4.908516e-05	7.455247e-05	-2.102190e-04	-1.486663e-08	-1.578045e-08	
3.000000e+00	0.000000e+00	-1.618034e+00	6.180340e-01	5.380126e-05	-4.644446e-05	1.415866e-04	6.588212e-05	-7.733416e-05	-1.299416e-04	-7.027233e-05	-7.306677e-05	-4.596476e-08	-5.242902e-08	
3.000000e+00	0.000000e+00	-1.618034e+00	6.180340e-01	4.624468e-05	-2.463252e-04	-4.394648e-06	-3.383666e-05	3.522520e-05	1.252792e-05	-3.422011e-05	-8.891177e-05	-5.368652e-08	-4.064510e-08	
3.000000e+00	0.000000e+00	-1.618034e+00	6.180340e-01	6.652162e-05	3.424070e-05	-2.789293e-05	5.555205e-05	1.074114e-04	-8.323533e-05	9.693389e-05	-1.670827e-04	-3.848420e-08	-6.165557e-08	
3.000000e+00	0.000000e+00	-1.618034e+00	6.180340e-01	2.273393e-05	-4.426774e-05	1.245312e-04	-1.909100e-04	2.637106e-04	9.171709e-05	6.229697e-05	5.626546e-05	-6.100420e-08	-2.450416e-09	
3.000000e+00	0.000000e+00	-1.618034e+00	6.180340e-01	5.534674e-05	-5.428975e-05	-2.467715e-05	6.892216e-05	5.149592e-05	-1.107897e-04	-4.953360e-05	2.688027e-05	-5.126745e-08	-6.723965e-08	
3.000000e+00	0.000000e+00	-1.618034e+00	6.180340e-01	1.916057e-05	3.200381e-05	-9.167777e-06	3.113474e-04	-6.064433e-05	-1.508501e-04	1.283993e-04	-2.942147e-05	-3.184719e-08	-3.053707e-08	
3.000000e+00	0.000000e+00	-1.618034e+00	6.180340e-01	-6.696762e-05	-1.260774e-04	-1.068156e-04	-2.398641e-04	-2.933028e-04	1.123510e-04	-1.458915e-04	-6.248733e-05	-3.914544e-09	-2.310632e-08	
3.000000e+00	0.000000e+00	-1.618034e+00	6.180340e-01	9.218676e-05	9.722767e-06	7.297672e-05	2.166604e-05	3.081618e-04	5.925210e-05	2.309260e-05	1.485318e-04	-3.205403e-08	-3.437681e-08	
3.000000e+00	0.000000e+00	-1.618034e+00	6.180340e-01	-1.130345e-04	-2.322654e-05	2.140931e-04	2.587436e-04	1.403182e-04	1.520659e-04	-2.410140e-04	2.080354e-05	-2.096435e-08	-4.214442e-10	
3.000000e+00	0.000000e+00	-1.618034e+00	6.180340e-01	-1.673315e-04	-2.841809e-05	6.676008e-06	6.496258e-05	-1.571191e-04	-1.547640e-04	-2.880996e-05	5.987371e-05	-6.004901e-08	-3.223956e-08	
3.000000e+00	0.000000e+00	-1.618034e+00	6.180340e-01	7.999187e-05	-6.538908e-05	2.136075e-04	9.889673e-05	3.056099e-06	-1.359132e-04	-2.408562e-05	1.379124e-04	-5.842114e-08	-2.492036e-08	
3.000000e+00	0.000000e+00	-1.618034e+00	6.180340e-01	1.835605e-04	-4.360592e-05	-1.935277e-05	-2.053305e-04	1.684148e-05	1.965760e-04	-6.057751e-05	-1.870215e-04	-2.452396e-09	-5.522022e-08	
3.000000e+00	0.000000e+00	-1.618034e+00	6.180340e-01	1.226538e-04	1.329481e-04	-9.688602e-05	4.707644e-05	2.016431e-04	-1.237066e-04	-9.741003e-05	3.595390e-04	-5.604358e-09	-1.102179e-08	
3.000000e+00	0.000000e+00	-1.618034e+00	6.180340e-01	1.937097e-05	7.707055e-05	-6.838267e-06	1.829557e-04	-1.217937e-04	7.827984e-07	5.233733e-05	-2.737636e-04	-3.075340e-08	-4.353632e-08	
3.000000e+00	0.000000e+00	-1.618034e+00	6.180340e-01	1.835466e-04	1.548899e-04	1.288635e-05	-8.561878e-05	5.293902e-05	-2.647353e-04	-1.353971e-04	8.688915e-05	-2.611990e-08	-3.354222e-08	
3.000000e+00	0.000000e+00	-1.618034e+00	6.180340e-01	-3.113774e-05	-6.426320e-05	2.130089e-04	1.351641e-04	8.466464e-05	9.376757e-05	-9.284549e-05	-7.127935e-05	-1.385663e-08	-7.889703e-08	
3.000000e+00	0.000000e+00	-1.618034e+00	6.180340e-01	1.288153e-04	1.583763e-04	3.294502e-04	1.365775e-04	5.429498e-05	4.923244e-05	1.404796e-05	6.181078e-05	-4.771940e-08	-5.620286e-09	
3.000000e+00	0.000000e+00	-1.618034e+00	6.180340e-01	-1.239648e-04	5.409401e-05	1.378693e-04	5.394291e-05	-8.248358e-05	7.641071e-05	-8.236176e-05	-5.616918e-06	-1.016397e-07	-1.107646e-08	
3.000000e+00	0.000000e+00	-1.618034e+00	6.180340e-01	1.816439e-04	8.535018e-05	2.187870e-04	3.509670e-05	-1.258415e-04	-2.263588e-04	-2.001631e-05	-1.802609e-04	-5.585999e-09	-4.349813e-08	
3.000000e+00	0.000000e+00	-1.618034e+00	6.180340e-01	1.129284e-04	2.134239e-04	8.791036e-05	1.237248e-04	3.097930e-05	-2.985100e-04	3.837148e-05	-1.669446e-05	-5.583513e-08	-2.143034e-09	
3.000000e+00	0.000000e+00	-1.618034e+00	6.180340e-01	3.506810e-06	1.916308e-04	-1.145149e-04	2.189775e-04	-1.638827e-06	-5.602497e-05	7.598034e-06	6.605318e-05	-8.326674e-09	-8.388690e-08	
3.000000e+00	0.000000e+00	-1.618034e+00	6.180340e-01	-1.483866e-05	-1.555880e-04	-8.032927e-05	2.531455e-05	-1.005608e-04	3.994109e-05	-4.504904e-05	1.466496e-04	-9.944923e-08	-1.211245e-08	
3.000000e+00	0.000000e+00	-1.618034e+00	6.180340e-01	1.162832e-04	7.816078e-05	2.037702e-04	1.195247e-04	1.254389e-04	-4.214345e-05	3.368914e-05	2.274947e-04	-4.216862e-08	-3.045856e-08	
3.000000e+00	0.000000e+00	-1.618034e+00	6.180340e-01	1.196581e-04	1.427335e-04	4.726782e-05	-8.079547e-05	-2.535355e-04	-7.880840e-05	1.906745e-04	-3.465648e-04	-4.654634e-10	-1.033014e-08	
3.000000e+00	0.000000e+00	-1.618034e+00	6.180340e-01	-3.343678e-05	1.986483e-04	6.549175e-05	-6.843426e-05	4.852835e-05	-7.400790e-05	4.758982e-05	-6.960903e-05	-6.002121e-08	-5.621248e-08	
3.000000e+00	0.000000e+00	-1.618034e+00	6.180340e-01	3.320626e-05	-5.094365e-05	-1.356729e-05	2.236065e-04	-1.390696e-04	9.142504e-05	1.471695e-04	4.843305e-05	-2.296508e-08	-7.306601e-08	
3.000000e+00	0.000000e+00	-1.618034e+00	6.180340e-01	-2.782092e-04	4.448145e-05	6.992097e-05	-2.860475e-06	-1.268643e-04	-1.751159e-04	7.548492e-05	-3.488376e-05	-1.315095e-08	-6.679680e-08	
3.000000e+00	0.000000e+00	-1.618034e+00	6.180340e-01	8.438810e-05	1.249499e-04	3.310764e-04	4.025799e-05	1.588137e-04	-1.074176e-05	-6.628017e-05	-5.820209e-05	-2.427540e-08	-4.601178e-08	
3.000000e+00	0.000000e+00	-1.618034e+00	6.180340e-01	1.708014e-04	4.151221e-05	9.969165e-05	-9.882857e-05	1.185796e-04	3.866744e-05	7.447713e-07	-1.224718e-04	-2.574607e-08	-8.783288e-08	
3.000000e+00	0.000000e+00	-1.618034e+00	6.180340e-01	2.392861e-05	-1.127829e-04	3.005754e-04	-4.385046e-05	1.440106e-04	-2.601708e-04	-5.560193e-05	-1.517922e-05	-1.673002e-08	-4.307631e-08	
3.000000e+00	0.000000e+00	-1.618034e+00	6.180340e-01	2.222120e-05	9.903646e-06	1.047717e-04	4.918485e-05	-2.647248e-04	4.954259e-05	5.145247e-05	7.165934e-05	-7.514439e-08	-3.668618e-08	
3.000000e+00	0.000000e+00	-1.618034e+00	6.180340e-01	-9.186094e-05	2.824214e-04	-1.324307e-04	3.962066e-05	2.026961e-04	1.000603e-04	4.197641e-05	9.448092e-05	-5.750368e-08	-1.982956e-08	
3.000000e+00	0.000000e+00	-1.618034e+00	6.180340e-01	-1.319583e-04	-1.282356e-04	6.306834e-05	7.888254e-05	1.277248e-04	-1.183547e-04	-5.063735e-05	6.749984e-05	-2.441526e-08	-9.753480e-08	
3.000000e+00	0.000000e+00	-1.618034e+00	6.180340e-01	1.241610e-05	-1.446820e-04	4.112139e-06	-8.965150e-05	-2.329476e-04	6.730506e-05	-1.737890e-04	-4.917258e-05	-3.860138e-08	-6.401444e-08	
3.000000e+00	0.000000e+00	-1.618034e+00	6.180340e-01	-1.694088e-05	-9.323217e-05	3.189406e-05	-1.202749e-04	-2.667561e-05	4.215903e-07	5.106269e-05	-4.850673e-06	-9.421884e-08	-5.572463e-08	
3.000000e+00	0.000000e+00	-1.618034e+00	6.180340e-01	-9.321570e-05	1.167414e-05	-2.020782e-04	-6.235636e-05	7.249734e-06	-1.261100e-04	-9.266435e-05	-1.742630e-04	-5.142998e-08	-5.899299e-08	
3.000000e+00	0.000000e+00	-1.618034e+00	6.180340e-01	6.099946e-05	-1.470799e-05	-8.817618e-05	-9.494543e-06	1.705292e-06	-2.047774e-05	1.607148e-04	8.434443e-05	-2.785999e-09	-1.393758e-07	
3.000000e+00	0.000000e+00	-1.618034e+00	6.180340e-01	1.127327e-04	-2.245551e-05	-1.449940e-05	-1.643512e-04	-6.816692e-05	-2.583618e-05	1.827808e-04	1.371070e-04	-9.330701e-08	-2.378494e-08	
3.000000e+00	0.000000e+00	-1.618034e+00	6.180340e-01	-1.351032e-04	5.709790e-05	9.695609e-05	1.077697e-04	-6.804937e-05	-3.319655e-04	-1.183774e-04	7.958665e-05	-7.304486e-08	-4.229472e-09	
3.000000e+00	0.000000e+00	-1.618034e+00	6.180340e-01	4.431108e-05	-9.787843e-05	2.079332e-04	-1.644475e-05	-9.673509e-05	-3.903223e-05	-2.112333e-04	4.654983e-05	-8.296613e-08	-2.877378e-08	
3.000000e+00	0.000000e+00	-1.618034e+00	6.180340e-01	2.921654e-05	1.019670e-05	1.355985e-05	8.194215e-05	-1.112193e-04	-8.129976e-05	-1.099824e-04	1.068356e-04	-5.588045e-08	-9.097745e-08	
3.000000e+00	0.000000e+00	-1.618034e+00	6.180340e-01	-3.585030e-05	-6.606418e-06	1.575246e-04	1.923715e-04	1.150526e-04	-1.957094e-04	-3.614982e-04	-8.850920e-05	-3.369697e-08	-1.429164e-08	
3.000000e+00	0.000000e+00	-1.618034e+00	6.180340e-01	-2.015539e-04	9.102818e-05	-2.353410e-04	2.055245e-04	-2.376203e-04	2.624965e-05	2.800532e-05	-8.715120e-05	-4.046016e-08	-2.831952e-08	
3.000000e+00	0.000000e+00	-1.618034e+00	6.180340e-01	7.167132e-05	2.340513e-04	-9.077802e-05	-2.902195e-05	7.594661e-05	-6.139719e-05	7.755549e-05	1.008445e-04	-1.331836e-07	-2.593487e-09	
3.000000e+00	0.000000e+00	-1.618034e+00	6.180340e-01	-1.833343e-04	-6.344462e-05	6.769299e-05	1.004248e-04	2.171593e-04	-1.670691e-04	-4.260587e-05	1.006448e-04	-1.466531e-08	-9.976776e-08	
3.000000e+00	0.000000e+00	-1.618034e+00	6.180340e-01	1.999394e-05	-2.335620e-04	1.703884e-05	2.258220e-04	1.131796e-04	-2.093726e-04	9.411870e-05	9.464084e-05	-8.006415e-08	-1.404018e-08	
3.000000e+00	0.000000e+00	-1.618034e+00	6.180340e-01	-6.657074e-05	-4.240971e-05	9.668166e-05	1.325806e-04	9.906292e-05	1.739342e-04	-1.101602e-04	1.865256e-04	-4.991073e-08	-7.467782e-08	
3.000000e+00	0.000000e+00	-1.618034e+00	6.180340e-01	4.820726e-05	-1.214848e-04	-8.210102e-05	-2.804753e-05	-2.091254e-05	8.237801e-05	-4.154772e-05	-7.757913e-05	-7.796532e-08	-8.777415e-08	
3.000000e+00	0.000000e+00	-1.618034e+00	6.180340e-01	4.274695e-06	-1.029847e-04	2.451943e-04	3.620128e-05	3.277168e-05	1.117937e-04	6.859359e-05	-2.440495e-04	-9.562674e-08	-1.516130e-08	
3.000000e+00	0.000000e+00	-1.618034e+00	6.180340e-01	1.212365e-04	-6.998112e-05	-2.599288e-05	9.146428e-06	7.456284e-05	3.399863e-05	9.225076e-05	2.151562e-05	-6.638706e-08	-1.020079e-07	
3.000000e+00	0.000000e+00	-1.618034e+00	6.180340e-01	-1.086264e-05	3.718837e-05	-5.646565e-05	6.419179e-05	1.576745e-04	1.013126e-04	2.137417e-04	1.818862e-04	-4.046528e-08	-9.084245e-08	
3.000000e+00	0.000000e+00	-1.618034e+00	6.180340e-01	-1.355931e-04	1.187436e-04	3.720984e-05	9.995313e-05	-2.268369e-05	-1.166232e-04	5.240115e-05	1.373487e-04	-5.388713e-08	-9.912619e-08	
3.000000e+00	0.000000e+00	-1.618034e+00	6.180340e-01	-9.216556e-06	-1.817381e-04	8.139891e-05	1.512000e-05	7.901042e-05	-6.920082e-06	1.700315e-04	2.220919e-04	-8.231141e-08	-4.854623e-08	
3.000000e+00	0.000000e+00	-1.618034e+00	6.180340e-01	1.261999e-04	2.921611e-04	2.184669e-04	1.080888e-05	1.769265e-04	-9.131675e-05	-1.087242e-04	2.205004e-04	-5.162258e-08	-1.724164e-08	
3.000000e+00	0.000000e+00	-1.618034e+00	6.180340e-01	-5.287250e-05	9.765162e-06	-2.367897e-04	3.420054e-05	-5.891365e-05	-1.309730e-04	-1.253028e-04	-1.416151e-04	-4.496301e-08	-9.404669e-08	
3.000000e+00	0.000000e+00	-1.618034e+00	6.180340e-01	3.790372e-04	-1.262291e-04	1.280740e-04	1.182448e-04	1.291458e-04	3.983006e-05	-4.062893e-05	1.803172e-05	-3.563716e-08	-5.687016e-08	
3.000000e+00	0.000000e+00	-1.618034e+00	6.180340e-01	-3.105766e-04	3.412454e-05	-1.229494e-04	4.832913e-05	-5.777472e-05	-1.862846e-04	-2.754983e-04	8.428212e-05	-4.669741e-08	-3.442949e-08	
3.000000e+00	0.000000e+00	-1.618034e+00	6.180340e-01	-1.372951e-04	6.467795e-05	-1.609301e-04	-4.278599e-05	8.178776e-05	5.319537e-05	-8.926836e-05	-1.647964e-04	-7.380550e-08	-7.797743e-08	
3.000000e+00	0.000000e+00	-1.618034e+00	6.180340e-01	1.322675e-04	1.282612e-04	3.218907e-05	5.823244e-05	1.136768e-04	-2.990822e-05	1.554769e-04	9.177777e-05	-1.097755e-07	-4.792850e-08	
3.000000e+00	0.000000e+00	-1.618034e+00	6.180340e-01	-2.078506e-04	5.992270e-05	-1.804752e-04	7.891841e-05	-2.038617e-04	9.541140e-05	7.696744e-06	2.184923e-04	-5.228519e-08	-5.615927e-08	
3.000000e+00	0.000000e+00	-1.618034e+00	6.180340e-01	-9.985995e-05	1.744491e-04	-1.574434e-04	-8.235047e-05	-1.674623e-04	5.631723e-05	1.250794e-04	8.735439e-05	-4.841976e-08	-8.931002e-08	
3.000000e+00	0.000000e+00	-1.618034e+00	6.180340e-01	1.203562e-05	3.267653e-04	1.116570e-04	-3.007615e-04	1.196172e-04	6.049615e-05	-1.112511e-04	2.818760e-04	-3.202307e-08	-1.034739e-08	
3.000000e+00	0.000000e+00	-1.618034e+00	6.180340e-01	-1.119095e-04	-8.620556e-05	6.541879e-05	1.974459e-04	2.808276e-04	3.246767e-05	7.805555e-05	1.264352e-04	-1.009971e-07	-1.931946e-08	
3.000000e+00	0.000000e+00	-1.618034e+00	6.180340e-01	4.897670e-05	4.347944e-05	2.361103e-04	1.201551e-04	5.028912e-05	1.349079e-04	-2.553169e-04	4.011323e-05	-5.755133e-09	-1.189919e-07	
3.000000e+00	2.172405e-17	-1.618034e+00	6.180340e-01	-5.847102e-05	1.113924e-04	-1.134534e-04	1.724543e-04	1.272918e-04	-1.256786e-05	6.385801e-05	-1.411885e-04	4.660906e-09	-3.249419e-08	
3.000000e+00	0.000000e+00	-1.618034e+00	6.180340e-01	2.091772e-04	1.253537e-04	-2.198109e-04	-8.629826e-05	3.365724e-04	3.146227e-04	9.964998e-05	-1.011634e-04	-1.034811e-08	-2.176247e-08	
3.000000e+00	0.000000e+00	-1.618034e+00	6.180340e-01	7.924575e-06	3.371630e-06	6.202085e-05	9.811992e-06	-8.464941e-05	-5.815284e-05	-6.719209e-06	-1.132036e-04	-1.175124e-07	-7.660255e-08	
3.000000e+00	0.000000e+00	-1.618034e+00	6.180340e-01	1.436348e-04	-1.326853e-04	9.712390e-05	2.356581e-04	2.103073e-05	-4.065605e-05	1.238510e-04	1.277723e-04	-9.171278e-08	-4.786049e-08	
3.000000e+00	0.000000e+00	-1.618034e+00	6.180340e-01	6.212530e-05	-2.562746e-04	1.748817e-04	3.509028e-05	8.121508e-05	-4.647079e-05	-6.927202e-05	5.115670e-05	-1.023909e-07	-5.551374e-08	
3.000000e+00	0.000000e+00	-1.618034e+00	6.180340e-01	-3.052344e-04	3.902686e-05	-1.046349e-04	2.098607e-04	-5.694134e-05	2.535060e-04	4.034052e-04	1.907193e-04	-1.139320e-08	-1.244339e-09	
3.000000e+00	0.000000e+00	-1.618034e+00	6.180340e-01	7.282374e-05	-7.135551e-05	1.374321e-05	2.796109e-05	-4.619984e-05	-1.587037e-04	-4.414717e-05	-2.156929e-04	-8.831455e-08	-9.034146e-08	
3.000000e+00	0.000000e+00	-1.618034e+00	6.180340e-01	-1.113402e-04	4.074823e-05	1.590291e-04	1.706969e-05	-1.191360e-05	6.139887e-05	2.599405e-06	-1.254179e-04	-8.032350e-08	-1.146624e-07	
3.000000e+00	0.000000e+00	-1.618034e+00	6.180340e-01	-1.162455e-04	-5.103880e-05	-5.207458e-05	1.304861e-04	-6.344993e-05	4.013763e-05	-3.316365e-04	-1.404871e-04	-1.158456e-07	-3.144319e-08	
3.000000e+00	0.000000e+00	-1.618034e+00	6.180340e-01	-2.613143e-04	2.363053e-04	-1.402239e-04	1.359814e-04	1.832314e-04	1.169602e-04	1.529334e-04	1.303341e-04	-8.508103e-08	-2.411829e-08	
3.000000e+00	0.000000e+00	-1.618034e+00	6.180340e-01	-1.810126e-04	-2.880586e-04	2.265103e-05	1.686315e-04	6.692980e-05	-1.486046e-04	-6.948484e-05	-2.322531e-04	-5.095360e-08	-7.042137e-08	
3.000000e+00	0.000000e+00	-1.618034e+00	6.180340e-01	1.820216e-04	-2.557161e-04	1.072298e-04	8.332634e-05	-1.397322e-04	3.406595e-05	9.015589e-05	3.552324e-05	-1.057983e-07	-5.893184e-08	
3.000001e+00	0.000000e+00	-1.618034e+00	6.180340e-01	-2.687644e-04	-1.421754e-04	-1.740935e-05	-1.142199e-04	-8.456858e-05	-2.927373e-05	-1.346407e-04	1.656505e-04	-1.128697e-07	-5.770043e-08	
3.000001e+00	0.000000e+00	-1.618034e+00	6.180340e-01	-1.482844e-05	-2.450039e-04	1.288938e-04	-7.564533e-06	-5.126408e-05	-3.151600e-04	-4.750046e-05	-2.772693e-04	-1.925115e-08	-1.133290e-07	
3.000001e+00	0.000000e+00	-1.618034e+00	6.180340e-01	1.176616e-04	1.188967e-05	-3.795507e-05	4.330999e-06	2.973084e-04	1.903127e-04	-1.908947e-04	1.263192e-04	-3.305024e-08	-1.397947e-07	
3.000001e+00	0.000000e+00	-1.618034e+00	6.180340e-01	-2.146672e-04	8.124794e-05	3.434090e-05	2.517756e-04	-1.018897e-04	1.473370e-06	-1.832869e-04	1.338459e-04	-1.336303e-07	-4.825988e-08	
3.000000e+00	1.376787e-15	-1.618034e+00	6.180340e-01	-1.575966e-04	-2.161310e-05	-6.887000e-05	1.905171e-04	1.580610e-04	2.131999e-05	-1.403963e-04	7.688900e-05	-1.647623e-08	3.710508e-08	
3.000001e+00	0.000000e+00	-1.618034e+00	6.180340e-01	2.075099e-04	3.112050e-04	-7.295949e-05	-3.409058e-04	3.962335e-04	5.459393e-05	-2.868823e-05	2.995839e-05	-2.922878e-08	-3.119562e-08	
3.000001e+00	0.000000e+00	-1.618034e+00	6.180340e-01	-7.910438e-05	1.498537e-04	1.218298e-04	1.355654e-04	-6.942776e-05	1.954341e-04	-1.922112e-05	3.419495e-04	-3.889953e-08	-1.227269e-07	
3.000001e+00	0.000000e+00	-1.618034e+00	6.180340e-01	3.544421e-04	6.978601e-05	-1.587249e-04	-1.390905e-05	1.864469e-05	-1.292912e-04	2.513319e-04	2.038856e-05	-7.153659e-08	-8.519143e-08	
3.000001e+00	0.000000e+00	-1.618034e+00	6.180340e-01	1.347041e-04	1.669564e-04	-1.266883e-04	-7.070384e-05	7.525093e-05	-9.162955e-05	4.995267e-04	3.586231e-04	-3.366802e-10	-4.886443e-08	
3.000000e+00	9.359677e-19	-1.618034e+00	6.180340e-01	-4.232754e-05	7.831425e-05	-6.668273e-06	1.262104e-04	1.404551e-04	-9.805768e-06	1.734317e-04	-1.200075e-04	9.674542e-10	-4.542648e-08	
3.000001e+00	0.000000e+00	-1.618034e+00	6.180340e-01	-1.830132e-05	-8.077514e-05	2.249887e-04	2.154306e-04	3.665804e-04	2.366414e-04	9.027958e-05	1.233424e-04	-9.876574e-09	-1.132838e-07	
3.000001e+00	0.000000e+00	-1.618034e+00	6.180339e-01	-6.184602e-05	9.579273e-05	-1.222743e-04	-1.675967e-04	-2.110249e-04	-1.307323e-04	-1.637111e-04	1.933034e-05	-8.539443e-09	-2.025789e-07	
3.000001e+00	0.000000e+00	-1.618034e+00	6.180340e-01	8.971610e-05	5.690716e-05	1.794076e-04	1.520265e-04	-2.681034e-04	2.540552e-05	1.600250e-04	2.158820e-04	-1.466294e-07	-4.515575e-08	
3.000000e+00	2.330427e-16	-1.618034e+00	6.180340e-01	2.534628e-05	1.007927e-04	3.003566e-05	6.600144e-05	-6.694210e-05	5.566998e-05	-8.705606e-05	-4.224369e-05	1.387066e-08	6.375545e-09	
3.000001e+00	0.000000e+00	-1.618034e+00	6.180340e-01	4.186553e-04	-7.545611e-05	4.608998e-04	-1.377055e-05	2.741181e-04	1.664688e-05	-1.482423e-04	7.780206e-06	-4.960928e-08	-6.066905e-09	
3.000001e+00	0.000000e+00	-1.618034e+00	6.180340e-01	6.998772e-05	-2.173735e-04	1.216890e-04	-2.411481e-04	4.633273e-05	-3.538118e-04	-4.310467e-06	1.119611e-05	-1.288533e-07	-5.053822e-08	
3.000001e+00	0.000000e+00	-1.618034e+00	6.180340e-01	-2.368312e-04	1.291982e-04	3.341562e-05	6.618183e-05	1.847358e-04	1.456268e-04	-2.692548e-04	1.033333e-05	-1.157272e-07	-1.051040e-07	
3.000001e+00	0.000000e+00	-1.618034e+00	6.180340e-01	8.620245e-05	-7.904783e-05	3.150166e-04	3.130066e-05	1.252931e-04	-2.117274e-04	6.145717e-05	4.299434e-05	-1.517927e-07	-8.213456e-08	
3.000001e+00	0.000000e+00	-1.618034e+00	6.180340e-01	-1.077483e-04	-6.708829e-05	2.338732e-05	-5.365089e-05	-1.924039e-04	-4.949434e-04	-5.898486e-05	9.008190e-05	-1.716941e-08	-1.540899e-07	
3.000000e+00	2.776036e-17	-1.618034e+00	6.180340e-01	-9.034178e-05	-5.377703e-05	2.992603e-05	-3.270116e-04	-2.059071e-04	-6.917331e-05	8.810957e-06	4.128556e-05	2.012092e-09	4.869481e-09	
3.000001e+00	0.000000e+00	-1.618034e+00	6.180340e-01	2.381635e-04	9.245526e-05	3.479723e-04	-2.154728e-04	3.267864e-04	-6.931262e-05	-1.596602e-04	6.282695e-05	-1.177762e-07	-6.478248e-08	
3.000001e+00	0.000000e+00	-1.618034e+00	6.180339e-01	-5.636857e-05	-1.645151e-04	1.918213e-04	7.985857e-05	-1.020323e-04	-3.149073e-05	3.475680e-04	-2.872377e-05	-3.403956e-08	-2.826166e-07	
3.000001e+00	0.000000e+00	-1.618034e+00	6.180340e-01	-2.718745e-04	-1.582727e-04	2.343252e-04	6.764739e-05	9.799935e-06	1.316894e-04	8.162029e-05	2.311014e-04	-2.000736e-07	-1.042032e-07	
3.000000e+00	6.083377e-16	-1.618034e+00	6.180340e-01	-2.170334e-04	5.629580e-05	3.406980e-05	6.606132e-05	1.258946e-05	2.079260e-06	1.411295e-04	2.498228e-04	2.344160e-08	7.670011e-09	
3.000000e+00	2.453319e-15	-1.618034e+00	6.180340e-01	1.424211e-05	4.017502e-05	-5.774390e-05	5.649695e-05	5.979328e-05	-1.563414e-05	9.283704e-05	-9.812694e-05	4.953099e-08	-2.585574e-08	
3.000001e+00	0.000000e+00	-1.618034e+00	6.180340e-01	1.200348e-04	-4.528221e-05	-4.668651e-04	-2.378198e-05	1.503023e-04	-7.854762e-05	-1.529131e-04	-4.086562e-05	-1.705404e-07	-1.552012e-07	
3.000001e+00	0.000000e+00	-1.618034e+00	6.180340e-01	-2.577948e-04	-5.314752e-04	2.470361e-04	3.746343e-04	2.897309e-04	8.050194e-06	-2.975510e-05	1.500349e-04	-9.601858e-08	-4.859416e-08	
3.000001e+00	0.000000e+00	-1.618034e+00	6.180341e-01	-7.839109e-05	-1.907723e-04	1.263253e-04	8.404846e-05	-1.185252e-05	-3.850961e-04	7.152689e-05	4.298067e-05	-2.918073e-07	-7.419666e-08	
3.000000e+00	4.821840e-15	-1.618034e+00	6.180340e-01	2.142360e-05	-1.017871e-05	-1.394581e-04	1.579992e-04	4.334038e-05	-9.968730e-05	6.322097e-05	-1.110313e-04	4.430550e-08	5.346834e-08	
3.000000e+00	1.255917e-16	-1.618034e+00	6.180340e-01	4.448302e-05	-1.237056e-04	9.844128e-06	1.079194e-04	1.133915e-04	-7.540591e-05	-2.293720e-05	1.910820e-06	1.120677e-08	-2.559604e-08	
3.000001e+00	0.000000e+00	-1.618034e+00	6.180340e-01	-1.530972e-04	-2.382141e-04	-1.083848e-04	2.411223e-04	2.368011e-04	1.725241e-04	1.141192e-05	-7.494840e-05	-1.318466e-07	-2.288484e-07	
3.000001e+00	0.000000e+00	-1.618034e+00	6.180340e-01	8.265560e-05	5.525844e-04	2.754521e-04	-9.845622e-05	-2.924862e-04	-5.441928e-05	3.868673e-04	2.316299e-04	-9.457887e-08	-2.456878e-07	
3.000000e+00	4.872599e-16	-1.618034e+00	6.180340e-01	4.966192e-05	1.497765e-04	-6.116217e-05	-7.446824e-05	-2.172983e-05	8.154056e-06	1.796333e-04	1.116046e-04	2.207397e-08	-3.024969e-08	
3.000001e+00	4.819909e-18	-1.618034e+00	6.180340e-01	-2.514269e-04	2.218976e-04	1.652294e-04	3.019050e-04	7.065562e-05	2.004342e-04	1.629026e-04	3.907397e-04	-1.154462e-07	2.195429e-09	
3.000001e+00	0.000000e+00	-1.618034e+00	6.180341e-01	1.544642e-04	2.062805e-04	-1.116389e-04	2.263193e-04	7.531274e-06	1.749770e-04	3.896585e-04	2.084583e-05	-3.763465e-07	-1.939919e-07	
3.000000e+00	1.128181e-15	-1.618034e+00	6.180340e-01	-4.794532e-05	6.832578e-06	-1.800579e-04	3.719560e-05	-7.065486e-06	8.577659e-05	6.033757e-05	-2.838761e-04	-1.453092e-08	3.358840e-08	
3.000000e+00	1.220610e-16	-1.618034e+00	6.180340e-01	-1.520729e-04	-1.548208e-04	1.213104e-04	-1.600397e-04	-1.095239e-05	1.066801e-04	-2.251289e-04	9.698232e-05	1.104812e-08	-6.402407e-09	
3.000000e+00	4.904107e-16	-1.618034e+00	6.180340e-01	3.059516e-05	2.883444e-04	-2.160866e-04	7.392221e-05	-9.127223e-05	-1.520749e-04	1.115516e-05	1.956648e-04	2.214522e-08	-2.373628e-09	
3.000000e+00	5.469442e-17	-1.618034e+00	6.180340e-01	-7.520615e-05	-1.191134e-04	-9.726702e-06	5.223685e-05	2.874944e-05	-9.272319e-06	-1.187883e-04	1.092889e-04	7.395568e-09	-1.037268e-07	
3.000000e+00	1.340431e-15	-1.618034e+00	6.180340e-01	-1.474485e-04	1.013910e-05	8.902160e-06	4.138909e-05	-3.706003e-05	1.369006e-05	2.139780e-05	1.230765e-04	3.661189e-08	-6.642812e-08	
3.000000e+00	1.965567e-15	-1.618034e+00	6.180340e-01	-2.150162e-05	-3.726230e-05	2.574467e-04	2.253272e-05	5.065647e-05	5.356396e-05	1.286902e-05	1.805583e-04	4.433471e-08	-5.205648e-08	
3.000000e+00	4.682903e-15	-1.618034e+00	6.180340e-01	1.442530e-05	-5.928275e-05	-2.071612e-04	8.970492e-05	-1.341988e-05	-2.708978e-05	-1.504818e-04	-2.147330e-04	1.309876e-08	6.716640e-08	
3.000000e+00	2.237156e-15	-1.618034e+00	6.180340e-01	-1.335370e-04	2.321318e-04	-4.950158e-05	1.572839e-04	-1.574052e-05	-1.097919e-04	1.155538e-04	3.135892e-05	4.729509e-08	5.747935e-10	
3.000000e+00	1.216050e-14	-1.618034e+00	6.180340e-01	4.250762e-05	-2.006089e-04	7.198653e-05	-1.392079e-04	1.522892e-05	1.139962e-04	-1.071720e-05	-1.001332e-04	1.022067e-07	4.140389e-08	
3.000000e+00	2.678786e-15	-1.618034e+00	6.180340e-01	-2.781716e-05	1.209647e-04	-7.174947e-05	1.214949e-04	9.633567e-05	-1.487630e-05	1.295854e-05	1.616948e-04	5.175699e-08	-3.309099e-08	
3.000000e+00	3.212464e-15	-1.618034e+00	6.180340e-01	1.082239e-04	-3.408441e-04	6.565515e-06	1.131812e-04	-3.852603e-05	-1.454251e-05	-2.764599e-05	1.096333e-04	5.347621e-08	1.878189e-08	
3.000000e+00	4.166301e-14	-1.618034e+00	6.180339e-01	-1.489808e-04	6.972820e-06	-1.325375e-04	9.630388e-05	2.720724e-04	-4.876520e-05	2.129593e-05	5.344793e-05	1.757384e-07	1.038220e-07	
3.000000e+00	5.425429e-14	-1.618034e+00	6.180340e-01	-8.856247e-05	-5.130441e-04	2.179261e-04	2.951681e-05	2.463420e-04	6.608284e-05	2.292139e-04	4.872196e-05	1.234028e-07	1.975501e-07	
3.000000e+00	3.737195e-15	-1.618034e+00	6.180340e-01	8.972568e-05	2.330751e-04	-6.534835e-05	9.926148e-05	1.630120e-04	-3.772723e-05	-1.366199e-05	-6.091497e-05	6.113260e-08	-1.802279e-08	
3.000000e+00	3.924336e-15	-1.618034e+00	6.180340e-01	-2.872679e-04	-1.468057e-05	6.460406e-06	-5.813031e-05	-7.579549e-05	-1.665123e-04	-1.008437e-05	-6.636125e-05	-1.188548e-08	6.264452e-08	
