Time	NEval	Generation	f	x(1)	x(2)	x(3)	x(4)	x(5)	x(6)	x(7)	
6.147707e-01	5.000000e+01	1.000000e+00	7.288046e-03	7.142336e-02	1.698259e+00	1.867986e+00	1.357470e+00	1.515480e+00	1.486265e+00	7.844540e-01	
1.671971e+00	7.500000e+01	2.000000e+00	7.288046e-03	7.142336e-02	1.698259e+00	1.867986e+00	1.357470e+00	1.515480e+00	1.486265e+00	7.844540e-01	
1.913571e+00	1.000000e+02	3.000000e+00	7.288046e-03	7.142336e-02	1.698259e+00	1.867986e+00	1.357470e+00	1.515480e+00	1.486265e+00	7.844540e-01	
2.141057e+00	1.250000e+02	4.000000e+00	7.288046e-03	7.142336e-02	1.698259e+00	1.867986e+00	1.357470e+00	1.515480e+00	1.486265e+00	7.844540e-01	
2.363813e+00	1.500000e+02	5.000000e+00	7.288046e-03	7.142336e-02	1.698259e+00	1.867986e+00	1.357470e+00	1.515480e+00	1.486265e+00	7.844540e-01	
2.588172e+00	1.750000e+02	6.000000e+00	7.288046e-03	7.142336e-02	1.698259e+00	1.867986e+00	1.357470e+00	1.515480e+00	1.486265e+00	7.844540e-01	
2.807604e+00	2.000000e+02	7.000000e+00	7.288046e-03	7.142336e-02	1.698259e+00	1.867986e+00	1.357470e+00	1.515480e+00	1.486265e+00	7.844540e-01	
3.016052e+00	2.250000e+02	8.000000e+00	7.288046e-03	7.142336e-02	1.698259e+00	1.867986e+00	1.357470e+00	1.515480e+00	1.486265e+00	7.844540e-01	
3.246674e+00	2.500000e+02	9.000000e+00	7.288046e-03	7.142336e-02	1.698259e+00	1.867986e+00	1.357470e+00	1.515480e+00	1.486265e+00	7.844540e-01	
3.461181e+00	2.750000e+02	1.000000e+01	7.288046e-03	7.142336e-02	1.698259e+00	1.867986e+00	1.357470e+00	1.515480e+00	1.486265e+00	7.844540e-01	
3.679083e+00	3.000000e+02	1.100000e+01	6.924872e-03	1.528205e-01	4.769101e-01	1.790596e+00	6.717760e-01	1.439868e+00	7.855750e-01	1.523592e+00	
4.166111e+00	3.250000e+02	1.200000e+01	3.511126e-03	3.329486e-01	3.073924e-01	8.990967e-01	1.479626e+00	6.429514e-01	1.258219e+00	1.096750e+00	
4.642221e+00	3.500000e+02	1.300000e+01	3.511126e-03	3.329486e-01	3.073924e-01	8.990967e-01	1.479626e+00	6.429514e-01	1.258219e+00	1.096750e+00	
4.843226e+00	3.750000e+02	1.400000e+01	3.075948e-03	1.631965e-01	7.896391e-01	4.583778e-01	7.534098e-01	6.234372e-01	1.392418e+00	4.409310e-01	
5.205169e+00	4.000000e+02	1.500000e+01	3.075948e-03	1.631965e-01	7.896391e-01	4.583778e-01	7.534098e-01	6.234372e-01	1.392418e+00	4.409310e-01	
5.434612e+00	4.250000e+02	1.600000e+01	3.075948e-03	1.631965e-01	7.896391e-01	4.583778e-01	7.534098e-01	6.234372e-01	1.392418e+00	4.409310e-01	
5.670263e+00	4.500000e+02	1.700000e+01	3.075948e-03	1.631965e-01	7.896391e-01	4.583778e-01	7.534098e-01	6.234372e-01	1.392418e+00	4.409310e-01	
5.890381e+00	4.750000e+02	1.800000e+01	3.075948e-03	1.631965e-01	7.896391e-01	4.583778e-01	7.534098e-01	6.234372e-01	1.392418e+00	4.409310e-01	
6.110049e+00	5.000000e+02	1.900000e+01	3.075948e-03	1.631965e-01	7.896391e-01	4.583778e-01	7.534098e-01	6.234372e-01	1.392418e+00	4.409310e-01	
6.330188e+00	5.250000e+02	2.000000e+01	3.075948e-03	1.631965e-01	7.896391e-01	4.583778e-01	7.534098e-01	6.234372e-01	1.392418e+00	4.409310e-01	
6.554765e+00	5.500000e+02	2.100000e+01	3.075948e-03	1.631965e-01	7.896391e-01	4.583778e-01	7.534098e-01	6.234372e-01	1.392418e+00	4.409310e-01	
6.784670e+00	5.750000e+02	2.200000e+01	3.075948e-03	1.631965e-01	7.896391e-01	4.583778e-01	7.534098e-01	6.234372e-01	1.392418e+00	4.409310e-01	
7.003878e+00	6.000000e+02	2.300000e+01	3.075948e-03	1.631965e-01	7.896391e-01	4.583778e-01	7.534098e-01	6.234372e-01	1.392418e+00	4.409310e-01	
7.215312e+00	6.250000e+02	2.400000e+01	3.075948e-03	1.631965e-01	7.896391e-01	4.583778e-01	7.534098e-01	6.234372e-01	1.392418e+00	4.409310e-01	
7.423661e+00	6.500000e+02	2.500000e+01	3.075948e-03	1.631965e-01	7.896391e-01	4.583778e-01	7.534098e-01	6.234372e-01	1.392418e+00	4.409310e-01	
7.644334e+00	6.750000e+02	2.600000e+01	2.934776e-03	3.889776e-01	4.176994e-01	6.842230e-01	8.548033e-01	6.985345e-01	8.614313e-01	4.620217e-01	
8.083862e+00	7.000000e+02	2.700000e+01	2.934776e-03	3.889776e-01	4.176994e-01	6.842230e-01	8.548033e-01	6.985345e-01	8.614313e-01	4.620217e-01	
8.317217e+00	7.250000e+02	2.800000e+01	2.934776e-03	3.889776e-01	4.176994e-01	6.842230e-01	8.548033e-01	6.985345e-01	8.614313e-01	4.620217e-01	
8.536907e+00	7.500000e+02	2.900000e+01	2.934776e-03	3.889776e-01	4.176994e-01	6.842230e-01	8.548033e-01	6.985345e-01	8.614313e-01	4.620217e-01	
8.740998e+00	7.750000e+02	3.000000e+01	2.934776e-03	3.889776e-01	4.176994e-01	6.842230e-01	8.548033e-01	6.985345e-01	8.614313e-01	4.620217e-01	
8.959324e+00	8.000000e+02	3.100000e+01	2.934776e-03	3.889776e-01	4.176994e-01	6.842230e-01	8.548033e-01	6.985345e-01	8.614313e-01	4.620217e-01	
9.178339e+00	8.250000e+02	3.200000e+01	2.934776e-03	3.889776e-01	4.176994e-01	6.842230e-01	8.548033e-01	6.985345e-01	8.614313e-01	4.620217e-01	
9.395526e+00	8.500000e+02	3.300000e+01	2.247912e-03	7.757266e-01	2.224077e-01	1.053695e+00	1.631784e+00	7.100696e-01	1.090132e+00	7.923273e-01	
9.731282e+00	8.750000e+02	3.400000e+01	2.247912e-03	7.757266e-01	2.224077e-01	1.053695e+00	1.631784e+00	7.100696e-01	1.090132e+00	7.923273e-01	
9.949170e+00	9.000000e+02	3.500000e+01	5.022684e-04	5.165699e-01	2.417003e-01	9.265208e-01	1.079394e+00	1.151994e+00	1.370003e+00	5.980964e-01	
1.028489e+01	9.250000e+02	3.600000e+01	5.022684e-04	5.165699e-01	2.417003e-01	9.265208e-01	1.079394e+00	1.151994e+00	1.370003e+00	5.980964e-01	
1.050841e+01	9.500000e+02	3.700000e+01	5.022684e-04	5.165699e-01	2.417003e-01	9.265208e-01	1.079394e+00	1.151994e+00	1.370003e+00	5.980964e-01	
1.072438e+01	9.750000e+02	3.800000e+01	5.022684e-04	5.165699e-01	2.417003e-01	9.265208e-01	1.079394e+00	1.151994e+00	1.370003e+00	5.980964e-01	
1.096081e+01	1.000000e+03	3.900000e+01	5.022684e-04	5.165699e-01	2.417003e-01	9.265208e-01	1.079394e+00	1.151994e+00	1.370003e+00	5.980964e-01	
1.118111e+01	1.025000e+03	4.000000e+01	5.022684e-04	5.165699e-01	2.417003e-01	9.265208e-01	1.079394e+00	1.151994e+00	1.370003e+00	5.980964e-01	
1.139383e+01	1.050000e+03	4.100000e+01	5.022684e-04	5.165699e-01	2.417003e-01	9.265208e-01	1.079394e+00	1.151994e+00	1.370003e+00	5.980964e-01	
1.162332e+01	1.075000e+03	4.200000e+01	5.022684e-04	5.165699e-01	2.417003e-01	9.265208e-01	1.079394e+00	1.151994e+00	1.370003e+00	5.980964e-01	
1.183828e+01	1.100000e+03	4.300000e+01	5.022684e-04	5.165699e-01	2.417003e-01	9.265208e-01	1.079394e+00	1.151994e+00	1.370003e+00	5.980964e-01	
1.206605e+01	1.125000e+03	4.400000e+01	5.022684e-04	5.165699e-01	2.417003e-01	9.265208e-01	1.079394e+00	1.151994e+00	1.370003e+00	5.980964e-01	
1.228417e+01	1.150000e+03	4.500000e+01	5.022684e-04	5.165699e-01	2.417003e-01	9.265208e-01	1.079394e+00	1.151994e+00	1.370003e+00	5.980964e-01	
1.250007e+01	1.175000e+03	4.600000e+01	5.022684e-04	5.165699e-01	2.417003e-01	9.265208e-01	1.079394e+00	1.151994e+00	1.370003e+00	5.980964e-01	
1.271387e+01	1.200000e+03	4.700000e+01	5.022684e-04	5.165699e-01	2.417003e-01	9.265208e-01	1.079394e+00	1.151994e+00	1.370003e+00	5.980964e-01	
1.294023e+01	1.225000e+03	4.800000e+01	5.022684e-04	5.165699e-01	2.417003e-01	9.265208e-01	1.079394e+00	1.151994e+00	1.370003e+00	5.980964e-01	
1.315737e+01	1.250000e+03	4.900000e+01	5.022684e-04	5.165699e-01	2.417003e-01	9.265208e-01	1.079394e+00	1.151994e+00	1.370003e+00	5.980964e-01	
1.336993e+01	1.275000e+03	5.000000e+01	5.022684e-04	5.165699e-01	2.417003e-01	9.265208e-01	1.079394e+00	1.151994e+00	1.370003e+00	5.980964e-01	
1.357897e+01	1.300000e+03	5.100000e+01	5.022684e-04	5.165699e-01	2.417003e-01	9.265208e-01	1.079394e+00	1.151994e+00	1.370003e+00	5.980964e-01	
1.377119e+01	1.325000e+03	5.200000e+01	5.022684e-04	5.165699e-01	2.417003e-01	9.265208e-01	1.079394e+00	1.151994e+00	1.370003e+00	5.980964e-01	
1.398024e+01	1.350000e+03	5.300000e+01	5.022684e-04	5.165699e-01	2.417003e-01	9.265208e-01	1.079394e+00	1.151994e+00	1.370003e+00	5.980964e-01	
1.419147e+01	1.375000e+03	5.400000e+01	2.499573e-04	3.279979e-01	2.953000e-01	1.147676e+00	8.287610e-01	1.487912e+00	1.070687e+00	7.714863e-01	
1.451227e+01	1.400000e+03	5.500000e+01	2.499573e-04	3.279979e-01	2.953000e-01	1.147676e+00	8.287610e-01	1.487912e+00	1.070687e+00	7.714863e-01	
1.470114e+01	1.425000e+03	5.600000e+01	2.499573e-04	3.279979e-01	2.953000e-01	1.147676e+00	8.287610e-01	1.487912e+00	1.070687e+00	7.714863e-01	
1.489728e+01	1.450000e+03	5.700000e+01	2.499573e-04	3.279979e-01	2.953000e-01	1.147676e+00	8.287610e-01	1.487912e+00	1.070687e+00	7.714863e-01	
1.511158e+01	1.475000e+03	5.800000e+01	2.499573e-04	3.279979e-01	2.953000e-01	1.147676e+00	8.287610e-01	1.487912e+00	1.070687e+00	7.714863e-01	
1.532594e+01	1.500000e+03	5.900000e+01	2.499573e-04	3.279979e-01	2.953000e-01	1.147676e+00	8.287610e-01	1.487912e+00	1.070687e+00	7.714863e-01	
1.553171e+01	1.525000e+03	6.000000e+01	2.499573e-04	3.279979e-01	2.953000e-01	1.147676e+00	8.287610e-01	1.487912e+00	1.070687e+00	7.714863e-01	
1.573993e+01	1.550000e+03	6.100000e+01	2.499573e-04	3.279979e-01	2.953000e-01	1.147676e+00	8.287610e-01	1.487912e+00	1.070687e+00	7.714863e-01	
1.594366e+01	1.575000e+03	6.200000e+01	2.499573e-04	3.279979e-01	2.953000e-01	1.147676e+00	8.287610e-01	1.487912e+00	1.070687e+00	7.714863e-01	
1.614853e+01	1.600000e+03	6.300000e+01	2.499573e-04	3.279979e-01	2.953000e-01	1.147676e+00	8.287610e-01	1.487912e+00	1.070687e+00	7.714863e-01	
1.636222e+01	1.625000e+03	6.400000e+01	2.499573e-04	3.279979e-01	2.953000e-01	1.147676e+00	8.287610e-01	1.487912e+00	1.070687e+00	7.714863e-01	
1.655709e+01	1.650000e+03	6.500000e+01	2.499573e-04	3.279979e-01	2.953000e-01	1.147676e+00	8.287610e-01	1.487912e+00	1.070687e+00	7.714863e-01	
1.677638e+01	1.675000e+03	6.600000e+01	2.499573e-04	3.279979e-01	2.953000e-01	1.147676e+00	8.287610e-01	1.487912e+00	1.070687e+00	7.714863e-01	
1.698714e+01	1.700000e+03	6.700000e+01	2.499573e-04	3.279979e-01	2.953000e-01	1.147676e+00	8.287610e-01	1.487912e+00	1.070687e+00	7.714863e-01	
1.721124e+01	1.725000e+03	6.800000e+01	2.499573e-04	3.279979e-01	2.953000e-01	1.147676e+00	8.287610e-01	1.487912e+00	1.070687e+00	7.714863e-01	
1.743570e+01	1.750000e+03	6.900000e+01	2.499573e-04	3.279979e-01	2.953000e-01	1.147676e+00	8.287610e-01	1.487912e+00	1.070687e+00	7.714863e-01	
1.766177e+01	1.775000e+03	7.000000e+01	2.499573e-04	3.279979e-01	2.953000e-01	1.147676e+00	8.287610e-01	1.487912e+00	1.070687e+00	7.714863e-01	
1.787899e+01	1.800000e+03	7.100000e+01	2.499573e-04	3.279979e-01	2.953000e-01	1.147676e+00	8.287610e-01	1.487912e+00	1.070687e+00	7.714863e-01	
1.808605e+01	1.825000e+03	7.200000e+01	2.499573e-04	3.279979e-01	2.953000e-01	1.147676e+00	8.287610e-01	1.487912e+00	1.070687e+00	7.714863e-01	
1.830223e+01	1.850000e+03	7.300000e+01	2.499573e-04	3.279979e-01	2.953000e-01	1.147676e+00	8.287610e-01	1.487912e+00	1.070687e+00	7.714863e-01	
1.850911e+01	1.875000e+03	7.400000e+01	1.352514e-04	5.133173e-01	1.910474e-01	8.148799e-01	8.112889e-01	9.245514e-01	9.737272e-01	8.531433e-01	
1.883174e+01	1.900000e+03	7.500000e+01	1.352514e-04	5.133173e-01	1.910474e-01	8.148799e-01	8.112889e-01	9.245514e-01	9.737272e-01	8.531433e-01	
1.904982e+01	1.925000e+03	7.600000e+01	1.352514e-04	5.133173e-01	1.910474e-01	8.148799e-01	8.112889e-01	9.245514e-01	9.737272e-01	8.531433e-01	
1.925211e+01	1.950000e+03	7.700000e+01	1.352514e-04	5.133173e-01	1.910474e-01	8.148799e-01	8.112889e-01	9.245514e-01	9.737272e-01	8.531433e-01	
1.946235e+01	1.975000e+03	7.800000e+01	1.352514e-04	5.133173e-01	1.910474e-01	8.148799e-01	8.112889e-01	9.245514e-01	9.737272e-01	8.531433e-01	
1.967018e+01	2.000000e+03	7.900000e+01	1.352514e-04	5.133173e-01	1.910474e-01	8.148799e-01	8.112889e-01	9.245514e-01	9.737272e-01	8.531433e-01	
1.986652e+01	2.025000e+03	8.000000e+01	4.169360e-05	4.932063e-01	2.080665e-01	1.173430e+00	1.028385e+00	1.459964e+00	1.241010e+00	8.077196e-01	
2.018374e+01	2.050000e+03	8.100000e+01	4.169360e-05	4.932063e-01	2.080665e-01	1.173430e+00	1.028385e+00	1.459964e+00	1.241010e+00	8.077196e-01	
2.039527e+01	2.075000e+03	8.200000e+01	4.169360e-05	4.932063e-01	2.080665e-01	1.173430e+00	1.028385e+00	1.459964e+00	1.241010e+00	8.077196e-01	
2.060392e+01	2.100000e+03	8.300000e+01	4.169360e-05	4.932063e-01	2.080665e-01	1.173430e+00	1.028385e+00	1.459964e+00	1.241010e+00	8.077196e-01	
2.080667e+01	2.125000e+03	8.400000e+01	4.169360e-05	4.932063e-01	2.080665e-01	1.173430e+00	1.028385e+00	1.459964e+00	1.241010e+00	8.077196e-01	
2.101999e+01	2.150000e+03	8.500000e+01	4.169360e-05	4.932063e-01	2.080665e-01	1.173430e+00	1.028385e+00	1.459964e+00	1.241010e+00	8.077196e-01	
2.122819e+01	2.175000e+03	8.600000e+01	4.169360e-05	4.932063e-01	2.080665e-01	1.173430e+00	1.028385e+00	1.459964e+00	1.241010e+00	8.077196e-01	
2.143959e+01	2.200000e+03	8.700000e+01	4.169360e-05	4.932063e-01	2.080665e-01	1.173430e+00	1.028385e+00	1.459964e+00	1.241010e+00	8.077196e-01	
2.164710e+01	2.225000e+03	8.800000e+01	4.169360e-05	4.932063e-01	2.080665e-01	1.173430e+00	1.028385e+00	1.459964e+00	1.241010e+00	8.077196e-01	
2.185758e+01	2.250000e+03	8.900000e+01	4.169360e-05	4.932063e-01	2.080665e-01	1.173430e+00	1.028385e+00	1.459964e+00	1.241010e+00	8.077196e-01	
2.207021e+01	2.275000e+03	9.000000e+01	4.169360e-05	4.932063e-01	2.080665e-01	1.173430e+00	1.028385e+00	1.459964e+00	1.241010e+00	8.077196e-01	
2.228405e+01	2.300000e+03	9.100000e+01	4.169360e-05	4.932063e-01	2.080665e-01	1.173430e+00	1.028385e+00	1.459964e+00	1.241010e+00	8.077196e-01	
2.248771e+01	2.325000e+03	9.200000e+01	4.169360e-05	4.932063e-01	2.080665e-01	1.173430e+00	1.028385e+00	1.459964e+00	1.241010e+00	8.077196e-01	
2.269045e+01	2.350000e+03	9.300000e+01	4.169360e-05	4.932063e-01	2.080665e-01	1.173430e+00	1.028385e+00	1.459964e+00	1.241010e+00	8.077196e-01	
2.289651e+01	2.375000e+03	9.400000e+01	4.169360e-05	4.932063e-01	2.080665e-01	1.173430e+00	1.028385e+00	1.459964e+00	1.241010e+00	8.077196e-01	
2.309804e+01	2.400000e+03	9.500000e+01	4.169360e-05	4.932063e-01	2.080665e-01	1.173430e+00	1.028385e+00	1.459964e+00	1.241010e+00	8.077196e-01	
2.329838e+01	2.425000e+03	9.600000e+01	4.169360e-05	4.932063e-01	2.080665e-01	1.173430e+00	1.028385e+00	1.459964e+00	1.241010e+00	8.077196e-01	
2.350476e+01	2.450000e+03	9.700000e+01	4.169360e-05	4.932063e-01	2.080665e-01	1.173430e+00	1.028385e+00	1.459964e+00	1.241010e+00	8.077196e-01	
2.370979e+01	2.475000e+03	9.800000e+01	2.439704e-05	5.485533e-01	1.804298e-01	1.282376e+00	8.502699e-01	1.807219e+00	1.129311e+00	7.443779e-01	
2.404053e+01	2.500000e+03	9.900000e+01	2.439704e-05	5.485533e-01	1.804298e-01	1.282376e+00	8.502699e-01	1.807219e+00	1.129311e+00	7.443779e-01	
2.424564e+01	2.525000e+03	1.000000e+02	2.439704e-05	5.485533e-01	1.804298e-01	1.282376e+00	8.502699e-01	1.807219e+00	1.129311e+00	7.443779e-01	
2.444734e+01	2.550000e+03	1.010000e+02	2.439704e-05	5.485533e-01	1.804298e-01	1.282376e+00	8.502699e-01	1.807219e+00	1.129311e+00	7.443779e-01	
2.465735e+01	2.575000e+03	1.020000e+02	2.439704e-05	5.485533e-01	1.804298e-01	1.282376e+00	8.502699e-01	1.807219e+00	1.129311e+00	7.443779e-01	
2.486183e+01	2.600000e+03	1.030000e+02	2.439704e-05	5.485533e-01	1.804298e-01	1.282376e+00	8.502699e-01	1.807219e+00	1.129311e+00	7.443779e-01	
2.506890e+01	2.625000e+03	1.040000e+02	2.439704e-05	5.485533e-01	1.804298e-01	1.282376e+00	8.502699e-01	1.807219e+00	1.129311e+00	7.443779e-01	
2.527387e+01	2.650000e+03	1.050000e+02	2.439704e-05	5.485533e-01	1.804298e-01	1.282376e+00	8.502699e-01	1.807219e+00	1.129311e+00	7.443779e-01	
2.547298e+01	2.675000e+03	1.060000e+02	2.439704e-05	5.485533e-01	1.804298e-01	1.282376e+00	8.502699e-01	1.807219e+00	1.129311e+00	7.443779e-01	
2.567589e+01	2.700000e+03	1.070000e+02	2.439704e-05	5.485533e-01	1.804298e-01	1.282376e+00	8.502699e-01	1.807219e+00	1.129311e+00	7.443779e-01	
2.588714e+01	2.725000e+03	1.080000e+02	2.439704e-05	5.485533e-01	1.804298e-01	1.282376e+00	8.502699e-01	1.807219e+00	1.129311e+00	7.443779e-01	
2.609104e+01	2.750000e+03	1.090000e+02	2.439704e-05	5.485533e-01	1.804298e-01	1.282376e+00	8.502699e-01	1.807219e+00	1.129311e+00	7.443779e-01	
2.628818e+01	2.775000e+03	1.100000e+02	2.439704e-05	5.485533e-01	1.804298e-01	1.282376e+00	8.502699e-01	1.807219e+00	1.129311e+00	7.443779e-01	
2.649413e+01	2.800000e+03	1.110000e+02	2.439704e-05	5.485533e-01	1.804298e-01	1.282376e+00	8.502699e-01	1.807219e+00	1.129311e+00	7.443779e-01	
2.670215e+01	2.825000e+03	1.120000e+02	2.439704e-05	5.485533e-01	1.804298e-01	1.282376e+00	8.502699e-01	1.807219e+00	1.129311e+00	7.443779e-01	
2.691048e+01	2.850000e+03	1.130000e+02	2.439704e-05	5.485533e-01	1.804298e-01	1.282376e+00	8.502699e-01	1.807219e+00	1.129311e+00	7.443779e-01	
2.712148e+01	2.875000e+03	1.140000e+02	2.439704e-05	5.485533e-01	1.804298e-01	1.282376e+00	8.502699e-01	1.807219e+00	1.129311e+00	7.443779e-01	
2.732843e+01	2.900000e+03	1.150000e+02	2.439704e-05	5.485533e-01	1.804298e-01	1.282376e+00	8.502699e-01	1.807219e+00	1.129311e+00	7.443779e-01	
2.754047e+01	2.925000e+03	1.160000e+02	2.439704e-05	5.485533e-01	1.804298e-01	1.282376e+00	8.502699e-01	1.807219e+00	1.129311e+00	7.443779e-01	
2.774972e+01	2.950000e+03	1.170000e+02	2.439704e-05	5.485533e-01	1.804298e-01	1.282376e+00	8.502699e-01	1.807219e+00	1.129311e+00	7.443779e-01	
2.796302e+01	2.975000e+03	1.180000e+02	2.439704e-05	5.485533e-01	1.804298e-01	1.282376e+00	8.502699e-01	1.807219e+00	1.129311e+00	7.443779e-01	
2.817677e+01	3.000000e+03	1.190000e+02	2.439704e-05	5.485533e-01	1.804298e-01	1.282376e+00	8.502699e-01	1.807219e+00	1.129311e+00	7.443779e-01	
2.837845e+01	3.025000e+03	1.200000e+02	2.439704e-05	5.485533e-01	1.804298e-01	1.282376e+00	8.502699e-01	1.807219e+00	1.129311e+00	7.443779e-01	
2.858658e+01	3.050000e+03	1.210000e+02	2.439704e-05	5.485533e-01	1.804298e-01	1.282376e+00	8.502699e-01	1.807219e+00	1.129311e+00	7.443779e-01	
2.879362e+01	3.075000e+03	1.220000e+02	2.357797e-05	3.831000e-01	2.586334e-01	1.237435e+00	8.903524e-01	1.580864e+00	1.123184e+00	7.947679e-01	
2.910906e+01	3.100000e+03	1.230000e+02	2.357797e-05	3.831000e-01	2.586334e-01	1.237435e+00	8.903524e-01	1.580864e+00	1.123184e+00	7.947679e-01	
2.931928e+01	3.125000e+03	1.240000e+02	2.357797e-05	3.831000e-01	2.586334e-01	1.237435e+00	8.903524e-01	1.580864e+00	1.123184e+00	7.947679e-01	
2.952762e+01	3.150000e+03	1.250000e+02	2.357797e-05	3.831000e-01	2.586334e-01	1.237435e+00	8.903524e-01	1.580864e+00	1.123184e+00	7.947679e-01	
2.973685e+01	3.175000e+03	1.260000e+02	2.357797e-05	3.831000e-01	2.586334e-01	1.237435e+00	8.903524e-01	1.580864e+00	1.123184e+00	7.947679e-01	
2.994492e+01	3.200000e+03	1.270000e+02	2.357797e-05	3.831000e-01	2.586334e-01	1.237435e+00	8.903524e-01	1.580864e+00	1.123184e+00	7.947679e-01	
3.015873e+01	3.225000e+03	1.280000e+02	2.357797e-05	3.831000e-01	2.586334e-01	1.237435e+00	8.903524e-01	1.580864e+00	1.123184e+00	7.947679e-01	
3.036901e+01	3.250000e+03	1.290000e+02	2.357797e-05	3.831000e-01	2.586334e-01	1.237435e+00	8.903524e-01	1.580864e+00	1.123184e+00	7.947679e-01	
3.057458e+01	3.275000e+03	1.300000e+02	2.357797e-05	3.831000e-01	2.586334e-01	1.237435e+00	8.903524e-01	1.580864e+00	1.123184e+00	7.947679e-01	
3.078443e+01	3.300000e+03	1.310000e+02	2.357797e-05	3.831000e-01	2.586334e-01	1.237435e+00	8.903524e-01	1.580864e+00	1.123184e+00	7.947679e-01	
3.098085e+01	3.325000e+03	1.320000e+02	2.357797e-05	3.831000e-01	2.586334e-01	1.237435e+00	8.903524e-01	1.580864e+00	1.123184e+00	7.947679e-01	
3.118630e+01	3.350000e+03	1.330000e+02	2.357797e-05	3.831000e-01	2.586334e-01	1.237435e+00	8.903524e-01	1.580864e+00	1.123184e+00	7.947679e-01	
3.139278e+01	3.375000e+03	1.340000e+02	2.357797e-05	3.831000e-01	2.586334e-01	1.237435e+00	8.903524e-01	1.580864e+00	1.123184e+00	7.947679e-01	
3.160439e+01	3.400000e+03	1.350000e+02	2.357797e-05	3.831000e-01	2.586334e-01	1.237435e+00	8.903524e-01	1.580864e+00	1.123184e+00	7.947679e-01	
3.180840e+01	3.425000e+03	1.360000e+02	2.357797e-05	3.831000e-01	2.586334e-01	1.237435e+00	8.903524e-01	1.580864e+00	1.123184e+00	7.947679e-01	
3.201259e+01	3.450000e+03	1.370000e+02	2.357797e-05	3.831000e-01	2.586334e-01	1.237435e+00	8.903524e-01	1.580864e+00	1.123184e+00	7.947679e-01	
3.221609e+01	3.475000e+03	1.380000e+02	2.357797e-05	3.831000e-01	2.586334e-01	1.237435e+00	8.903524e-01	1.580864e+00	1.123184e+00	7.947679e-01	
3.242062e+01	3.500000e+03	1.390000e+02	2.230728e-05	3.354827e-01	3.145527e-01	1.308892e+00	7.484620e-01	1.782491e+00	9.488456e-01	7.066151e-01	
3.274767e+01	3.525000e+03	1.400000e+02	2.230728e-05	3.354827e-01	3.145527e-01	1.308892e+00	7.484620e-01	1.782491e+00	9.488456e-01	7.066151e-01	
3.294869e+01	3.550000e+03	1.410000e+02	2.230728e-05	3.354827e-01	3.145527e-01	1.308892e+00	7.484620e-01	1.782491e+00	9.488456e-01	7.066151e-01	
3.315783e+01	3.575000e+03	1.420000e+02	2.230728e-05	3.354827e-01	3.145527e-01	1.308892e+00	7.484620e-01	1.782491e+00	9.488456e-01	7.066151e-01	
3.336450e+01	3.600000e+03	1.430000e+02	2.230728e-05	3.354827e-01	3.145527e-01	1.308892e+00	7.484620e-01	1.782491e+00	9.488456e-01	7.066151e-01	
3.357778e+01	3.625000e+03	1.440000e+02	2.230728e-05	3.354827e-01	3.145527e-01	1.308892e+00	7.484620e-01	1.782491e+00	9.488456e-01	7.066151e-01	
3.378225e+01	3.650000e+03	1.450000e+02	2.230728e-05	3.354827e-01	3.145527e-01	1.308892e+00	7.484620e-01	1.782491e+00	9.488456e-01	7.066151e-01	
3.398950e+01	3.675000e+03	1.460000e+02	2.230728e-05	3.354827e-01	3.145527e-01	1.308892e+00	7.484620e-01	1.782491e+00	9.488456e-01	7.066151e-01	
3.419803e+01	3.700000e+03	1.470000e+02	2.230728e-05	3.354827e-01	3.145527e-01	1.308892e+00	7.484620e-01	1.782491e+00	9.488456e-01	7.066151e-01	
3.440822e+01	3.725000e+03	1.480000e+02	2.230728e-05	3.354827e-01	3.145527e-01	1.308892e+00	7.484620e-01	1.782491e+00	9.488456e-01	7.066151e-01	
3.461712e+01	3.750000e+03	1.490000e+02	2.230728e-05	3.354827e-01	3.145527e-01	1.308892e+00	7.484620e-01	1.782491e+00	9.488456e-01	7.066151e-01	
3.482645e+01	3.775000e+03	1.500000e+02	2.230728e-05	3.354827e-01	3.145527e-01	1.308892e+00	7.484620e-01	1.782491e+00	9.488456e-01	7.066151e-01	
3.503415e+01	3.800000e+03	1.510000e+02	2.230728e-05	3.354827e-01	3.145527e-01	1.308892e+00	7.484620e-01	1.782491e+00	9.488456e-01	7.066151e-01	
3.523868e+01	3.825000e+03	1.520000e+02	2.230728e-05	3.354827e-01	3.145527e-01	1.308892e+00	7.484620e-01	1.782491e+00	9.488456e-01	7.066151e-01	
3.544527e+01	3.850000e+03	1.530000e+02	2.230728e-05	3.354827e-01	3.145527e-01	1.308892e+00	7.484620e-01	1.782491e+00	9.488456e-01	7.066151e-01	
3.565281e+01	3.875000e+03	1.540000e+02	2.230728e-05	3.354827e-01	3.145527e-01	1.308892e+00	7.484620e-01	1.782491e+00	9.488456e-01	7.066151e-01	
3.586061e+01	3.900000e+03	1.550000e+02	2.230728e-05	3.354827e-01	3.145527e-01	1.308892e+00	7.484620e-01	1.782491e+00	9.488456e-01	7.066151e-01	
3.606622e+01	3.925000e+03	1.560000e+02	2.230728e-05	3.354827e-01	3.145527e-01	1.308892e+00	7.484620e-01	1.782491e+00	9.488456e-01	7.066151e-01	
3.627220e+01	3.950000e+03	1.570000e+02	2.230728e-05	3.354827e-01	3.145527e-01	1.308892e+00	7.484620e-01	1.782491e+00	9.488456e-01	7.066151e-01	
3.648139e+01	3.975000e+03	1.580000e+02	2.230728e-05	3.354827e-01	3.145527e-01	1.308892e+00	7.484620e-01	1.782491e+00	9.488456e-01	7.066151e-01	
3.669215e+01	4.000000e+03	1.590000e+02	2.230728e-05	3.354827e-01	3.145527e-01	1.308892e+00	7.484620e-01	1.782491e+00	9.488456e-01	7.066151e-01	
3.689945e+01	4.025000e+03	1.600000e+02	2.230728e-05	3.354827e-01	3.145527e-01	1.308892e+00	7.484620e-01	1.782491e+00	9.488456e-01	7.066151e-01	
3.710781e+01	4.050000e+03	1.610000e+02	2.230728e-05	3.354827e-01	3.145527e-01	1.308892e+00	7.484620e-01	1.782491e+00	9.488456e-01	7.066151e-01	
3.730952e+01	4.075000e+03	1.620000e+02	2.230728e-05	3.354827e-01	3.145527e-01	1.308892e+00	7.484620e-01	1.782491e+00	9.488456e-01	7.066151e-01	
3.751303e+01	4.100000e+03	1.630000e+02	2.230728e-05	3.354827e-01	3.145527e-01	1.308892e+00	7.484620e-01	1.782491e+00	9.488456e-01	7.066151e-01	
3.772618e+01	4.125000e+03	1.640000e+02	2.230728e-05	3.354827e-01	3.145527e-01	1.308892e+00	7.484620e-01	1.782491e+00	9.488456e-01	7.066151e-01	
3.792786e+01	4.150000e+03	1.650000e+02	2.230728e-05	3.354827e-01	3.145527e-01	1.308892e+00	7.484620e-01	1.782491e+00	9.488456e-01	7.066151e-01	
3.812895e+01	4.175000e+03	1.660000e+02	1.099687e-05	4.668862e-01	2.109743e-01	1.526724e+00	1.330737e+00	1.699916e+00	1.487584e+00	9.377363e-01	
3.844935e+01	4.200000e+03	1.670000e+02	1.099687e-05	4.668862e-01	2.109743e-01	1.526724e+00	1.330737e+00	1.699916e+00	1.487584e+00	9.377363e-01	
3.865943e+01	4.225000e+03	1.680000e+02	1.099687e-05	4.668862e-01	2.109743e-01	1.526724e+00	1.330737e+00	1.699916e+00	1.487584e+00	9.377363e-01	
3.886261e+01	4.250000e+03	1.690000e+02	1.099687e-05	4.668862e-01	2.109743e-01	1.526724e+00	1.330737e+00	1.699916e+00	1.487584e+00	9.377363e-01	
3.906401e+01	4.275000e+03	1.700000e+02	1.099687e-05	4.668862e-01	2.109743e-01	1.526724e+00	1.330737e+00	1.699916e+00	1.487584e+00	9.377363e-01	
3.926961e+01	4.300000e+03	1.710000e+02	1.099687e-05	4.668862e-01	2.109743e-01	1.526724e+00	1.330737e+00	1.699916e+00	1.487584e+00	9.377363e-01	
3.947313e+01	4.325000e+03	1.720000e+02	1.099687e-05	4.668862e-01	2.109743e-01	1.526724e+00	1.330737e+00	1.699916e+00	1.487584e+00	9.377363e-01	
3.967780e+01	4.350000e+03	1.730000e+02	1.099687e-05	4.668862e-01	2.109743e-01	1.526724e+00	1.330737e+00	1.699916e+00	1.487584e+00	9.377363e-01	
3.988096e+01	4.375000e+03	1.740000e+02	1.099687e-05	4.668862e-01	2.109743e-01	1.526724e+00	1.330737e+00	1.699916e+00	1.487584e+00	9.377363e-01	
4.008599e+01	4.400000e+03	1.750000e+02	1.099687e-05	4.668862e-01	2.109743e-01	1.526724e+00	1.330737e+00	1.699916e+00	1.487584e+00	9.377363e-01	
4.028563e+01	4.425000e+03	1.760000e+02	1.099687e-05	4.668862e-01	2.109743e-01	1.526724e+00	1.330737e+00	1.699916e+00	1.487584e+00	9.377363e-01	
4.047859e+01	4.450000e+03	1.770000e+02	1.099687e-05	4.668862e-01	2.109743e-01	1.526724e+00	1.330737e+00	1.699916e+00	1.487584e+00	9.377363e-01	
4.067610e+01	4.475000e+03	1.780000e+02	1.099687e-05	4.668862e-01	2.109743e-01	1.526724e+00	1.330737e+00	1.699916e+00	1.487584e+00	9.377363e-01	
4.087816e+01	4.500000e+03	1.790000e+02	1.099687e-05	4.668862e-01	2.109743e-01	1.526724e+00	1.330737e+00	1.699916e+00	1.487584e+00	9.377363e-01	
4.108620e+01	4.525000e+03	1.800000e+02	1.099687e-05	4.668862e-01	2.109743e-01	1.526724e+00	1.330737e+00	1.699916e+00	1.487584e+00	9.377363e-01	
4.127907e+01	4.550000e+03	1.810000e+02	1.099687e-05	4.668862e-01	2.109743e-01	1.526724e+00	1.330737e+00	1.699916e+00	1.487584e+00	9.377363e-01	
4.148584e+01	4.575000e+03	1.820000e+02	1.099687e-05	4.668862e-01	2.109743e-01	1.526724e+00	1.330737e+00	1.699916e+00	1.487584e+00	9.377363e-01	
4.168710e+01	4.600000e+03	1.830000e+02	1.099687e-05	4.668862e-01	2.109743e-01	1.526724e+00	1.330737e+00	1.699916e+00	1.487584e+00	9.377363e-01	
4.188819e+01	4.625000e+03	1.840000e+02	1.099687e-05	4.668862e-01	2.109743e-01	1.526724e+00	1.330737e+00	1.699916e+00	1.487584e+00	9.377363e-01	
4.209546e+01	4.650000e+03	1.850000e+02	1.099687e-05	4.668862e-01	2.109743e-01	1.526724e+00	1.330737e+00	1.699916e+00	1.487584e+00	9.377363e-01	
4.229904e+01	4.675000e+03	1.860000e+02	1.099687e-05	4.668862e-01	2.109743e-01	1.526724e+00	1.330737e+00	1.699916e+00	1.487584e+00	9.377363e-01	
4.250583e+01	4.700000e+03	1.870000e+02	1.099687e-05	4.668862e-01	2.109743e-01	1.526724e+00	1.330737e+00	1.699916e+00	1.487584e+00	9.377363e-01	
4.271155e+01	4.725000e+03	1.880000e+02	1.099687e-05	4.668862e-01	2.109743e-01	1.526724e+00	1.330737e+00	1.699916e+00	1.487584e+00	9.377363e-01	
4.291272e+01	4.750000e+03	1.890000e+02	1.099687e-05	4.668862e-01	2.109743e-01	1.526724e+00	1.330737e+00	1.699916e+00	1.487584e+00	9.377363e-01	
4.311528e+01	4.775000e+03	1.900000e+02	1.099687e-05	4.668862e-01	2.109743e-01	1.526724e+00	1.330737e+00	1.699916e+00	1.487584e+00	9.377363e-01	
4.331904e+01	4.800000e+03	1.910000e+02	1.099687e-05	4.668862e-01	2.109743e-01	1.526724e+00	1.330737e+00	1.699916e+00	1.487584e+00	9.377363e-01	
4.352501e+01	4.825000e+03	1.920000e+02	1.099687e-05	4.668862e-01	2.109743e-01	1.526724e+00	1.330737e+00	1.699916e+00	1.487584e+00	9.377363e-01	
4.373323e+01	4.850000e+03	1.930000e+02	9.323207e-06	3.513638e-01	2.813699e-01	1.528099e+00	9.494230e-01	1.717920e+00	1.016954e+00	9.322654e-01	
4.404528e+01	4.875000e+03	1.940000e+02	9.323207e-06	3.513638e-01	2.813699e-01	1.528099e+00	9.494230e-01	1.717920e+00	1.016954e+00	9.322654e-01	
4.424817e+01	4.900000e+03	1.950000e+02	9.323207e-06	3.513638e-01	2.813699e-01	1.528099e+00	9.494230e-01	1.717920e+00	1.016954e+00	9.322654e-01	
4.445304e+01	4.925000e+03	1.960000e+02	9.323207e-06	3.513638e-01	2.813699e-01	1.528099e+00	9.494230e-01	1.717920e+00	1.016954e+00	9.322654e-01	
4.465365e+01	4.950000e+03	1.970000e+02	9.323207e-06	3.513638e-01	2.813699e-01	1.528099e+00	9.494230e-01	1.717920e+00	1.016954e+00	9.322654e-01	
4.486167e+01	4.975000e+03	1.980000e+02	9.323207e-06	3.513638e-01	2.813699e-01	1.528099e+00	9.494230e-01	1.717920e+00	1.016954e+00	9.322654e-01	
4.506990e+01	5.000000e+03	1.990000e+02	9.323207e-06	3.513638e-01	2.813699e-01	1.528099e+00	9.494230e-01	1.717920e+00	1.016954e+00	9.322654e-01	
4.527831e+01	5.025000e+03	2.000000e+02	9.323207e-06	3.513638e-01	2.813699e-01	1.528099e+00	9.494230e-01	1.717920e+00	1.016954e+00	9.322654e-01	
