Time	NEval	Generation	f	S4	S0	J1_Vmax	J1_n	J1_K	J2_J2_k	J3_J3_k	J0_J0_k	compart	
7.047962e-01	5.000000e+01	1.000000e+00	1.138553e+00	1.840102e+00	7.879292e+00	6.120312e+00	5.390927e-01	4.201937e+00	6.790688e+00	9.186018e+00	4.020249e-03	9.767591e+00	
1.422349e+00	7.500000e+01	2.000000e+00	1.138553e+00	1.840102e+00	7.879292e+00	6.120312e+00	5.390927e-01	4.201937e+00	6.790688e+00	9.186018e+00	4.020249e-03	9.767591e+00	
1.808970e+00	1.000000e+02	3.000000e+00	1.138553e+00	1.840102e+00	7.879292e+00	6.120312e+00	5.390927e-01	4.201937e+00	6.790688e+00	9.186018e+00	4.020249e-03	9.767591e+00	
2.224513e+00	1.250000e+02	4.000000e+00	1.138553e+00	1.840102e+00	7.879292e+00	6.120312e+00	5.390927e-01	4.201937e+00	6.790688e+00	9.186018e+00	4.020249e-03	9.767591e+00	
2.692327e+00	1.500000e+02	5.000000e+00	1.138553e+00	1.840102e+00	7.879292e+00	6.120312e+00	5.390927e-01	4.201937e+00	6.790688e+00	9.186018e+00	4.020249e-03	9.767591e+00	
3.010693e+00	1.750000e+02	6.000000e+00	1.138553e+00	1.840102e+00	7.879292e+00	6.120312e+00	5.390927e-01	4.201937e+00	6.790688e+00	9.186018e+00	4.020249e-03	9.767591e+00	
3.379840e+00	2.000000e+02	7.000000e+00	1.138553e+00	1.840102e+00	7.879292e+00	6.120312e+00	5.390927e-01	4.201937e+00	6.790688e+00	9.186018e+00	4.020249e-03	9.767591e+00	
3.695762e+00	2.250000e+02	8.000000e+00	1.138553e+00	1.840102e+00	7.879292e+00	6.120312e+00	5.390927e-01	4.201937e+00	6.790688e+00	9.186018e+00	4.020249e-03	9.767591e+00	
4.106074e+00	2.500000e+02	9.000000e+00	1.138553e+00	1.840102e+00	7.879292e+00	6.120312e+00	5.390927e-01	4.201937e+00	6.790688e+00	9.186018e+00	4.020249e-03	9.767591e+00	
4.496091e+00	2.750000e+02	1.000000e+01	1.138553e+00	1.840102e+00	7.879292e+00	6.120312e+00	5.390927e-01	4.201937e+00	6.790688e+00	9.186018e+00	4.020249e-03	9.767591e+00	
4.842949e+00	3.000000e+02	1.100000e+01	1.138553e+00	1.840102e+00	7.879292e+00	6.120312e+00	5.390927e-01	4.201937e+00	6.790688e+00	9.186018e+00	4.020249e-03	9.767591e+00	
5.168581e+00	3.250000e+02	1.200000e+01	1.138553e+00	1.840102e+00	7.879292e+00	6.120312e+00	5.390927e-01	4.201937e+00	6.790688e+00	9.186018e+00	4.020249e-03	9.767591e+00	
5.626792e+00	3.500000e+02	1.300000e+01	1.138553e+00	1.840102e+00	7.879292e+00	6.120312e+00	5.390927e-01	4.201937e+00	6.790688e+00	9.186018e+00	4.020249e-03	9.767591e+00	
6.066665e+00	3.750000e+02	1.400000e+01	1.138553e+00	1.840102e+00	7.879292e+00	6.120312e+00	5.390927e-01	4.201937e+00	6.790688e+00	9.186018e+00	4.020249e-03	9.767591e+00	
6.332938e+00	4.000000e+02	1.500000e+01	2.978250e-01	8.025677e+00	6.004730e+00	5.061096e+00	5.706195e-01	5.849453e+00	2.628218e+00	1.319250e+00	1.039018e-01	8.311737e+00	
6.829393e+00	4.250000e+02	1.600000e+01	2.978250e-01	8.025677e+00	6.004730e+00	5.061096e+00	5.706195e-01	5.849453e+00	2.628218e+00	1.319250e+00	1.039018e-01	8.311737e+00	
7.212621e+00	4.500000e+02	1.700000e+01	2.978250e-01	8.025677e+00	6.004730e+00	5.061096e+00	5.706195e-01	5.849453e+00	2.628218e+00	1.319250e+00	1.039018e-01	8.311737e+00	
7.613136e+00	4.750000e+02	1.800000e+01	2.978250e-01	8.025677e+00	6.004730e+00	5.061096e+00	5.706195e-01	5.849453e+00	2.628218e+00	1.319250e+00	1.039018e-01	8.311737e+00	
9.016352e+00	5.000000e+02	1.900000e+01	2.978250e-01	8.025677e+00	6.004730e+00	5.061096e+00	5.706195e-01	5.849453e+00	2.628218e+00	1.319250e+00	1.039018e-01	8.311737e+00	
9.377353e+00	5.250000e+02	2.000000e+01	2.978250e-01	8.025677e+00	6.004730e+00	5.061096e+00	5.706195e-01	5.849453e+00	2.628218e+00	1.319250e+00	1.039018e-01	8.311737e+00	
9.770764e+00	5.500000e+02	2.100000e+01	2.978250e-01	8.025677e+00	6.004730e+00	5.061096e+00	5.706195e-01	5.849453e+00	2.628218e+00	1.319250e+00	1.039018e-01	8.311737e+00	
1.021768e+01	5.750000e+02	2.200000e+01	2.978250e-01	8.025677e+00	6.004730e+00	5.061096e+00	5.706195e-01	5.849453e+00	2.628218e+00	1.319250e+00	1.039018e-01	8.311737e+00	
1.064411e+01	6.000000e+02	2.300000e+01	2.978250e-01	8.025677e+00	6.004730e+00	5.061096e+00	5.706195e-01	5.849453e+00	2.628218e+00	1.319250e+00	1.039018e-01	8.311737e+00	
1.105472e+01	6.250000e+02	2.400000e+01	2.978250e-01	8.025677e+00	6.004730e+00	5.061096e+00	5.706195e-01	5.849453e+00	2.628218e+00	1.319250e+00	1.039018e-01	8.311737e+00	
1.139109e+01	6.500000e+02	2.500000e+01	2.978250e-01	8.025677e+00	6.004730e+00	5.061096e+00	5.706195e-01	5.849453e+00	2.628218e+00	1.319250e+00	1.039018e-01	8.311737e+00	
1.177768e+01	6.750000e+02	2.600000e+01	2.978250e-01	8.025677e+00	6.004730e+00	5.061096e+00	5.706195e-01	5.849453e+00	2.628218e+00	1.319250e+00	1.039018e-01	8.311737e+00	
1.218954e+01	7.000000e+02	2.700000e+01	2.978250e-01	8.025677e+00	6.004730e+00	5.061096e+00	5.706195e-01	5.849453e+00	2.628218e+00	1.319250e+00	1.039018e-01	8.311737e+00	
1.256557e+01	7.250000e+02	2.800000e+01	2.978250e-01	8.025677e+00	6.004730e+00	5.061096e+00	5.706195e-01	5.849453e+00	2.628218e+00	1.319250e+00	1.039018e-01	8.311737e+00	
1.298775e+01	7.500000e+02	2.900000e+01	2.978250e-01	8.025677e+00	6.004730e+00	5.061096e+00	5.706195e-01	5.849453e+00	2.628218e+00	1.319250e+00	1.039018e-01	8.311737e+00	
1.327791e+01	7.750000e+02	3.000000e+01	2.978250e-01	8.025677e+00	6.004730e+00	5.061096e+00	5.706195e-01	5.849453e+00	2.628218e+00	1.319250e+00	1.039018e-01	8.311737e+00	
1.371376e+01	8.000000e+02	3.100000e+01	2.978250e-01	8.025677e+00	6.004730e+00	5.061096e+00	5.706195e-01	5.849453e+00	2.628218e+00	1.319250e+00	1.039018e-01	8.311737e+00	
1.405739e+01	8.250000e+02	3.200000e+01	2.978250e-01	8.025677e+00	6.004730e+00	5.061096e+00	5.706195e-01	5.849453e+00	2.628218e+00	1.319250e+00	1.039018e-01	8.311737e+00	
1.443840e+01	8.500000e+02	3.300000e+01	2.978250e-01	8.025677e+00	6.004730e+00	5.061096e+00	5.706195e-01	5.849453e+00	2.628218e+00	1.319250e+00	1.039018e-01	8.311737e+00	
1.483466e+01	8.750000e+02	3.400000e+01	2.978250e-01	8.025677e+00	6.004730e+00	5.061096e+00	5.706195e-01	5.849453e+00	2.628218e+00	1.319250e+00	1.039018e-01	8.311737e+00	
1.513334e+01	9.000000e+02	3.500000e+01	2.978250e-01	8.025677e+00	6.004730e+00	5.061096e+00	5.706195e-01	5.849453e+00	2.628218e+00	1.319250e+00	1.039018e-01	8.311737e+00	
1.556669e+01	9.250000e+02	3.600000e+01	2.978250e-01	8.025677e+00	6.004730e+00	5.061096e+00	5.706195e-01	5.849453e+00	2.628218e+00	1.319250e+00	1.039018e-01	8.311737e+00	
1.597131e+01	9.500000e+02	3.700000e+01	2.978250e-01	8.025677e+00	6.004730e+00	5.061096e+00	5.706195e-01	5.849453e+00	2.628218e+00	1.319250e+00	1.039018e-01	8.311737e+00	
1.632596e+01	9.750000e+02	3.800000e+01	2.978250e-01	8.025677e+00	6.004730e+00	5.061096e+00	5.706195e-01	5.849453e+00	2.628218e+00	1.319250e+00	1.039018e-01	8.311737e+00	
1.669103e+01	1.000000e+03	3.900000e+01	2.978250e-01	8.025677e+00	6.004730e+00	5.061096e+00	5.706195e-01	5.849453e+00	2.628218e+00	1.319250e+00	1.039018e-01	8.311737e+00	
1.709062e+01	1.025000e+03	4.000000e+01	2.978250e-01	8.025677e+00	6.004730e+00	5.061096e+00	5.706195e-01	5.849453e+00	2.628218e+00	1.319250e+00	1.039018e-01	8.311737e+00	
1.752247e+01	1.050000e+03	4.100000e+01	2.978250e-01	8.025677e+00	6.004730e+00	5.061096e+00	5.706195e-01	5.849453e+00	2.628218e+00	1.319250e+00	1.039018e-01	8.311737e+00	
1.784696e+01	1.075000e+03	4.200000e+01	2.978250e-01	8.025677e+00	6.004730e+00	5.061096e+00	5.706195e-01	5.849453e+00	2.628218e+00	1.319250e+00	1.039018e-01	8.311737e+00	
1.826868e+01	1.100000e+03	4.300000e+01	2.978250e-01	8.025677e+00	6.004730e+00	5.061096e+00	5.706195e-01	5.849453e+00	2.628218e+00	1.319250e+00	1.039018e-01	8.311737e+00	
1.859223e+01	1.125000e+03	4.400000e+01	2.978250e-01	8.025677e+00	6.004730e+00	5.061096e+00	5.706195e-01	5.849453e+00	2.628218e+00	1.319250e+00	1.039018e-01	8.311737e+00	
1.888752e+01	1.150000e+03	4.500000e+01	2.978250e-01	8.025677e+00	6.004730e+00	5.061096e+00	5.706195e-01	5.849453e+00	2.628218e+00	1.319250e+00	1.039018e-01	8.311737e+00	
1.921248e+01	1.175000e+03	4.600000e+01	2.978250e-01	8.025677e+00	6.004730e+00	5.061096e+00	5.706195e-01	5.849453e+00	2.628218e+00	1.319250e+00	1.039018e-01	8.311737e+00	
1.958245e+01	1.200000e+03	4.700000e+01	2.978250e-01	8.025677e+00	6.004730e+00	5.061096e+00	5.706195e-01	5.849453e+00	2.628218e+00	1.319250e+00	1.039018e-01	8.311737e+00	
1.998430e+01	1.225000e+03	4.800000e+01	2.978250e-01	8.025677e+00	6.004730e+00	5.061096e+00	5.706195e-01	5.849453e+00	2.628218e+00	1.319250e+00	1.039018e-01	8.311737e+00	
2.036095e+01	1.250000e+03	4.900000e+01	2.978250e-01	8.025677e+00	6.004730e+00	5.061096e+00	5.706195e-01	5.849453e+00	2.628218e+00	1.319250e+00	1.039018e-01	8.311737e+00	
2.074094e+01	1.275000e+03	5.000000e+01	2.978250e-01	8.025677e+00	6.004730e+00	5.061096e+00	5.706195e-01	5.849453e+00	2.628218e+00	1.319250e+00	1.039018e-01	8.311737e+00	
2.295625e+01	1.300000e+03	5.100000e+01	2.978250e-01	8.025677e+00	6.004730e+00	5.061096e+00	5.706195e-01	5.849453e+00	2.628218e+00	1.319250e+00	1.039018e-01	8.311737e+00	
2.335061e+01	1.325000e+03	5.200000e+01	2.978250e-01	8.025677e+00	6.004730e+00	5.061096e+00	5.706195e-01	5.849453e+00	2.628218e+00	1.319250e+00	1.039018e-01	8.311737e+00	
2.363245e+01	1.350000e+03	5.300000e+01	2.978250e-01	8.025677e+00	6.004730e+00	5.061096e+00	5.706195e-01	5.849453e+00	2.628218e+00	1.319250e+00	1.039018e-01	8.311737e+00	
2.404837e+01	1.375000e+03	5.400000e+01	2.978250e-01	8.025677e+00	6.004730e+00	5.061096e+00	5.706195e-01	5.849453e+00	2.628218e+00	1.319250e+00	1.039018e-01	8.311737e+00	
2.447078e+01	1.400000e+03	5.500000e+01	2.978250e-01	8.025677e+00	6.004730e+00	5.061096e+00	5.706195e-01	5.849453e+00	2.628218e+00	1.319250e+00	1.039018e-01	8.311737e+00	
2.488271e+01	1.425000e+03	5.600000e+01	2.978250e-01	8.025677e+00	6.004730e+00	5.061096e+00	5.706195e-01	5.849453e+00	2.628218e+00	1.319250e+00	1.039018e-01	8.311737e+00	
2.530496e+01	1.450000e+03	5.700000e+01	2.978250e-01	8.025677e+00	6.004730e+00	5.061096e+00	5.706195e-01	5.849453e+00	2.628218e+00	1.319250e+00	1.039018e-01	8.311737e+00	
2.575268e+01	1.475000e+03	5.800000e+01	2.978250e-01	8.025677e+00	6.004730e+00	5.061096e+00	5.706195e-01	5.849453e+00	2.628218e+00	1.319250e+00	1.039018e-01	8.311737e+00	
2.616507e+01	1.500000e+03	5.900000e+01	2.978250e-01	8.025677e+00	6.004730e+00	5.061096e+00	5.706195e-01	5.849453e+00	2.628218e+00	1.319250e+00	1.039018e-01	8.311737e+00	
2.651155e+01	1.525000e+03	6.000000e+01	2.978250e-01	8.025677e+00	6.004730e+00	5.061096e+00	5.706195e-01	5.849453e+00	2.628218e+00	1.319250e+00	1.039018e-01	8.311737e+00	
2.688410e+01	1.550000e+03	6.100000e+01	2.978250e-01	8.025677e+00	6.004730e+00	5.061096e+00	5.706195e-01	5.849453e+00	2.628218e+00	1.319250e+00	1.039018e-01	8.311737e+00	
2.729295e+01	1.575000e+03	6.200000e+01	2.978250e-01	8.025677e+00	6.004730e+00	5.061096e+00	5.706195e-01	5.849453e+00	2.628218e+00	1.319250e+00	1.039018e-01	8.311737e+00	
2.767433e+01	1.600000e+03	6.300000e+01	2.978250e-01	8.025677e+00	6.004730e+00	5.061096e+00	5.706195e-01	5.849453e+00	2.628218e+00	1.319250e+00	1.039018e-01	8.311737e+00	
2.809869e+01	1.625000e+03	6.400000e+01	2.978250e-01	8.025677e+00	6.004730e+00	5.061096e+00	5.706195e-01	5.849453e+00	2.628218e+00	1.319250e+00	1.039018e-01	8.311737e+00	
2.843910e+01	1.650000e+03	6.500000e+01	2.978250e-01	8.025677e+00	6.004730e+00	5.061096e+00	5.706195e-01	5.849453e+00	2.628218e+00	1.319250e+00	1.039018e-01	8.311737e+00	
2.882053e+01	1.675000e+03	6.600000e+01	2.978250e-01	8.025677e+00	6.004730e+00	5.061096e+00	5.706195e-01	5.849453e+00	2.628218e+00	1.319250e+00	1.039018e-01	8.311737e+00	
2.922162e+01	1.700000e+03	6.700000e+01	2.978250e-01	8.025677e+00	6.004730e+00	5.061096e+00	5.706195e-01	5.849453e+00	2.628218e+00	1.319250e+00	1.039018e-01	8.311737e+00	
2.950617e+01	1.725000e+03	6.800000e+01	2.978250e-01	8.025677e+00	6.004730e+00	5.061096e+00	5.706195e-01	5.849453e+00	2.628218e+00	1.319250e+00	1.039018e-01	8.311737e+00	
2.981629e+01	1.750000e+03	6.900000e+01	2.978250e-01	8.025677e+00	6.004730e+00	5.061096e+00	5.706195e-01	5.849453e+00	2.628218e+00	1.319250e+00	1.039018e-01	8.311737e+00	
3.016368e+01	1.775000e+03	7.000000e+01	2.978250e-01	8.025677e+00	6.004730e+00	5.061096e+00	5.706195e-01	5.849453e+00	2.628218e+00	1.319250e+00	1.039018e-01	8.311737e+00	
3.053194e+01	1.800000e+03	7.100000e+01	2.978250e-01	8.025677e+00	6.004730e+00	5.061096e+00	5.706195e-01	5.849453e+00	2.628218e+00	1.319250e+00	1.039018e-01	8.311737e+00	
3.090571e+01	1.825000e+03	7.200000e+01	2.978250e-01	8.025677e+00	6.004730e+00	5.061096e+00	5.706195e-01	5.849453e+00	2.628218e+00	1.319250e+00	1.039018e-01	8.311737e+00	
3.137589e+01	1.850000e+03	7.300000e+01	2.978250e-01	8.025677e+00	6.004730e+00	5.061096e+00	5.706195e-01	5.849453e+00	2.628218e+00	1.319250e+00	1.039018e-01	8.311737e+00	
3.178442e+01	1.875000e+03	7.400000e+01	2.978250e-01	8.025677e+00	6.004730e+00	5.061096e+00	5.706195e-01	5.849453e+00	2.628218e+00	1.319250e+00	1.039018e-01	8.311737e+00	
3.213400e+01	1.900000e+03	7.500000e+01	2.978250e-01	8.025677e+00	6.004730e+00	5.061096e+00	5.706195e-01	5.849453e+00	2.628218e+00	1.319250e+00	1.039018e-01	8.311737e+00	
3.254803e+01	1.925000e+03	7.600000e+01	2.978250e-01	8.025677e+00	6.004730e+00	5.061096e+00	5.706195e-01	5.849453e+00	2.628218e+00	1.319250e+00	1.039018e-01	8.311737e+00	
3.294253e+01	1.950000e+03	7.700000e+01	2.978250e-01	8.025677e+00	6.004730e+00	5.061096e+00	5.706195e-01	5.849453e+00	2.628218e+00	1.319250e+00	1.039018e-01	8.311737e+00	
3.335193e+01	1.975000e+03	7.800000e+01	2.978250e-01	8.025677e+00	6.004730e+00	5.061096e+00	5.706195e-01	5.849453e+00	2.628218e+00	1.319250e+00	1.039018e-01	8.311737e+00	
3.376306e+01	2.000000e+03	7.900000e+01	2.978250e-01	8.025677e+00	6.004730e+00	5.061096e+00	5.706195e-01	5.849453e+00	2.628218e+00	1.319250e+00	1.039018e-01	8.311737e+00	
3.413540e+01	2.025000e+03	8.000000e+01	2.978250e-01	8.025677e+00	6.004730e+00	5.061096e+00	5.706195e-01	5.849453e+00	2.628218e+00	1.319250e+00	1.039018e-01	8.311737e+00	
3.457309e+01	2.050000e+03	8.100000e+01	2.978250e-01	8.025677e+00	6.004730e+00	5.061096e+00	5.706195e-01	5.849453e+00	2.628218e+00	1.319250e+00	1.039018e-01	8.311737e+00	
3.489064e+01	2.075000e+03	8.200000e+01	2.978250e-01	8.025677e+00	6.004730e+00	5.061096e+00	5.706195e-01	5.849453e+00	2.628218e+00	1.319250e+00	1.039018e-01	8.311737e+00	
3.527630e+01	2.100000e+03	8.300000e+01	2.978250e-01	8.025677e+00	6.004730e+00	5.061096e+00	5.706195e-01	5.849453e+00	2.628218e+00	1.319250e+00	1.039018e-01	8.311737e+00	
3.573304e+01	2.125000e+03	8.400000e+01	2.978250e-01	8.025677e+00	6.004730e+00	5.061096e+00	5.706195e-01	5.849453e+00	2.628218e+00	1.319250e+00	1.039018e-01	8.311737e+00	
3.617916e+01	2.150000e+03	8.500000e+01	2.978250e-01	8.025677e+00	6.004730e+00	5.061096e+00	5.706195e-01	5.849453e+00	2.628218e+00	1.319250e+00	1.039018e-01	8.311737e+00	
3.659065e+01	2.175000e+03	8.600000e+01	2.978250e-01	8.025677e+00	6.004730e+00	5.061096e+00	5.706195e-01	5.849453e+00	2.628218e+00	1.319250e+00	1.039018e-01	8.311737e+00	
3.703880e+01	2.200000e+03	8.700000e+01	2.978250e-01	8.025677e+00	6.004730e+00	5.061096e+00	5.706195e-01	5.849453e+00	2.628218e+00	1.319250e+00	1.039018e-01	8.311737e+00	
3.742898e+01	2.225000e+03	8.800000e+01	2.978250e-01	8.025677e+00	6.004730e+00	5.061096e+00	5.706195e-01	5.849453e+00	2.628218e+00	1.319250e+00	1.039018e-01	8.311737e+00	
3.778697e+01	2.250000e+03	8.900000e+01	2.978250e-01	8.025677e+00	6.004730e+00	5.061096e+00	5.706195e-01	5.849453e+00	2.628218e+00	1.319250e+00	1.039018e-01	8.311737e+00	
3.818915e+01	2.275000e+03	9.000000e+01	2.978250e-01	8.025677e+00	6.004730e+00	5.061096e+00	5.706195e-01	5.849453e+00	2.628218e+00	1.319250e+00	1.039018e-01	8.311737e+00	
3.851135e+01	2.300000e+03	9.100000e+01	2.978250e-01	8.025677e+00	6.004730e+00	5.061096e+00	5.706195e-01	5.849453e+00	2.628218e+00	1.319250e+00	1.039018e-01	8.311737e+00	
3.892996e+01	2.325000e+03	9.200000e+01	2.978250e-01	8.025677e+00	6.004730e+00	5.061096e+00	5.706195e-01	5.849453e+00	2.628218e+00	1.319250e+00	1.039018e-01	8.311737e+00	
3.932367e+01	2.350000e+03	9.300000e+01	2.978250e-01	8.025677e+00	6.004730e+00	5.061096e+00	5.706195e-01	5.849453e+00	2.628218e+00	1.319250e+00	1.039018e-01	8.311737e+00	
3.967639e+01	2.375000e+03	9.400000e+01	2.978250e-01	8.025677e+00	6.004730e+00	5.061096e+00	5.706195e-01	5.849453e+00	2.628218e+00	1.319250e+00	1.039018e-01	8.311737e+00	
4.000947e+01	2.400000e+03	9.500000e+01	2.978250e-01	8.025677e+00	6.004730e+00	5.061096e+00	5.706195e-01	5.849453e+00	2.628218e+00	1.319250e+00	1.039018e-01	8.311737e+00	
4.043451e+01	2.425000e+03	9.600000e+01	2.978250e-01	8.025677e+00	6.004730e+00	5.061096e+00	5.706195e-01	5.849453e+00	2.628218e+00	1.319250e+00	1.039018e-01	8.311737e+00	
4.087129e+01	2.450000e+03	9.700000e+01	2.978250e-01	8.025677e+00	6.004730e+00	5.061096e+00	5.706195e-01	5.849453e+00	2.628218e+00	1.319250e+00	1.039018e-01	8.311737e+00	
4.131093e+01	2.475000e+03	9.800000e+01	2.978250e-01	8.025677e+00	6.004730e+00	5.061096e+00	5.706195e-01	5.849453e+00	2.628218e+00	1.319250e+00	1.039018e-01	8.311737e+00	
4.163853e+01	2.500000e+03	9.900000e+01	2.978250e-01	8.025677e+00	6.004730e+00	5.061096e+00	5.706195e-01	5.849453e+00	2.628218e+00	1.319250e+00	1.039018e-01	8.311737e+00	
4.204397e+01	2.525000e+03	1.000000e+02	2.978250e-01	8.025677e+00	6.004730e+00	5.061096e+00	5.706195e-01	5.849453e+00	2.628218e+00	1.319250e+00	1.039018e-01	8.311737e+00	
4.248922e+01	2.550000e+03	1.010000e+02	2.978250e-01	8.025677e+00	6.004730e+00	5.061096e+00	5.706195e-01	5.849453e+00	2.628218e+00	1.319250e+00	1.039018e-01	8.311737e+00	
4.348815e+01	2.575000e+03	1.020000e+02	2.978250e-01	8.025677e+00	6.004730e+00	5.061096e+00	5.706195e-01	5.849453e+00	2.628218e+00	1.319250e+00	1.039018e-01	8.311737e+00	
4.381544e+01	2.600000e+03	1.030000e+02	2.978250e-01	8.025677e+00	6.004730e+00	5.061096e+00	5.706195e-01	5.849453e+00	2.628218e+00	1.319250e+00	1.039018e-01	8.311737e+00	
4.418721e+01	2.625000e+03	1.040000e+02	2.978250e-01	8.025677e+00	6.004730e+00	5.061096e+00	5.706195e-01	5.849453e+00	2.628218e+00	1.319250e+00	1.039018e-01	8.311737e+00	
4.455665e+01	2.650000e+03	1.050000e+02	2.978250e-01	8.025677e+00	6.004730e+00	5.061096e+00	5.706195e-01	5.849453e+00	2.628218e+00	1.319250e+00	1.039018e-01	8.311737e+00	
4.494766e+01	2.675000e+03	1.060000e+02	2.978250e-01	8.025677e+00	6.004730e+00	5.061096e+00	5.706195e-01	5.849453e+00	2.628218e+00	1.319250e+00	1.039018e-01	8.311737e+00	
4.530028e+01	2.700000e+03	1.070000e+02	2.978250e-01	8.025677e+00	6.004730e+00	5.061096e+00	5.706195e-01	5.849453e+00	2.628218e+00	1.319250e+00	1.039018e-01	8.311737e+00	
4.558899e+01	2.725000e+03	1.080000e+02	2.978250e-01	8.025677e+00	6.004730e+00	5.061096e+00	5.706195e-01	5.849453e+00	2.628218e+00	1.319250e+00	1.039018e-01	8.311737e+00	
4.601456e+01	2.750000e+03	1.090000e+02	2.978250e-01	8.025677e+00	6.004730e+00	5.061096e+00	5.706195e-01	5.849453e+00	2.628218e+00	1.319250e+00	1.039018e-01	8.311737e+00	
4.644501e+01	2.775000e+03	1.100000e+02	2.978250e-01	8.025677e+00	6.004730e+00	5.061096e+00	5.706195e-01	5.849453e+00	2.628218e+00	1.319250e+00	1.039018e-01	8.311737e+00	
4.683506e+01	2.800000e+03	1.110000e+02	2.978250e-01	8.025677e+00	6.004730e+00	5.061096e+00	5.706195e-01	5.849453e+00	2.628218e+00	1.319250e+00	1.039018e-01	8.311737e+00	
4.721370e+01	2.825000e+03	1.120000e+02	2.978250e-01	8.025677e+00	6.004730e+00	5.061096e+00	5.706195e-01	5.849453e+00	2.628218e+00	1.319250e+00	1.039018e-01	8.311737e+00	
4.764581e+01	2.850000e+03	1.130000e+02	2.978250e-01	8.025677e+00	6.004730e+00	5.061096e+00	5.706195e-01	5.849453e+00	2.628218e+00	1.319250e+00	1.039018e-01	8.311737e+00	
4.794233e+01	2.875000e+03	1.140000e+02	2.978250e-01	8.025677e+00	6.004730e+00	5.061096e+00	5.706195e-01	5.849453e+00	2.628218e+00	1.319250e+00	1.039018e-01	8.311737e+00	
4.830486e+01	2.900000e+03	1.150000e+02	2.978250e-01	8.025677e+00	6.004730e+00	5.061096e+00	5.706195e-01	5.849453e+00	2.628218e+00	1.319250e+00	1.039018e-01	8.311737e+00	
4.860851e+01	2.925000e+03	1.160000e+02	2.978250e-01	8.025677e+00	6.004730e+00	5.061096e+00	5.706195e-01	5.849453e+00	2.628218e+00	1.319250e+00	1.039018e-01	8.311737e+00	
4.893691e+01	2.950000e+03	1.170000e+02	2.978250e-01	8.025677e+00	6.004730e+00	5.061096e+00	5.706195e-01	5.849453e+00	2.628218e+00	1.319250e+00	1.039018e-01	8.311737e+00	
4.928330e+01	2.975000e+03	1.180000e+02	2.978250e-01	8.025677e+00	6.004730e+00	5.061096e+00	5.706195e-01	5.849453e+00	2.628218e+00	1.319250e+00	1.039018e-01	8.311737e+00	
4.962745e+01	3.000000e+03	1.190000e+02	2.978250e-01	8.025677e+00	6.004730e+00	5.061096e+00	5.706195e-01	5.849453e+00	2.628218e+00	1.319250e+00	1.039018e-01	8.311737e+00	
5.003093e+01	3.025000e+03	1.200000e+02	2.978250e-01	8.025677e+00	6.004730e+00	5.061096e+00	5.706195e-01	5.849453e+00	2.628218e+00	1.319250e+00	1.039018e-01	8.311737e+00	
5.034265e+01	3.050000e+03	1.210000e+02	2.978250e-01	8.025677e+00	6.004730e+00	5.061096e+00	5.706195e-01	5.849453e+00	2.628218e+00	1.319250e+00	1.039018e-01	8.311737e+00	
5.057539e+01	3.075000e+03	1.220000e+02	2.978250e-01	8.025677e+00	6.004730e+00	5.061096e+00	5.706195e-01	5.849453e+00	2.628218e+00	1.319250e+00	1.039018e-01	8.311737e+00	
5.097431e+01	3.100000e+03	1.230000e+02	2.978250e-01	8.025677e+00	6.004730e+00	5.061096e+00	5.706195e-01	5.849453e+00	2.628218e+00	1.319250e+00	1.039018e-01	8.311737e+00	
5.144446e+01	3.125000e+03	1.240000e+02	2.978250e-01	8.025677e+00	6.004730e+00	5.061096e+00	5.706195e-01	5.849453e+00	2.628218e+00	1.319250e+00	1.039018e-01	8.311737e+00	
5.181139e+01	3.150000e+03	1.250000e+02	2.978250e-01	8.025677e+00	6.004730e+00	5.061096e+00	5.706195e-01	5.849453e+00	2.628218e+00	1.319250e+00	1.039018e-01	8.311737e+00	
5.221201e+01	3.175000e+03	1.260000e+02	2.978250e-01	8.025677e+00	6.004730e+00	5.061096e+00	5.706195e-01	5.849453e+00	2.628218e+00	1.319250e+00	1.039018e-01	8.311737e+00	
5.251702e+01	3.200000e+03	1.270000e+02	2.978250e-01	8.025677e+00	6.004730e+00	5.061096e+00	5.706195e-01	5.849453e+00	2.628218e+00	1.319250e+00	1.039018e-01	8.311737e+00	
5.281812e+01	3.225000e+03	1.280000e+02	2.978250e-01	8.025677e+00	6.004730e+00	5.061096e+00	5.706195e-01	5.849453e+00	2.628218e+00	1.319250e+00	1.039018e-01	8.311737e+00	
5.326887e+01	3.250000e+03	1.290000e+02	2.978250e-01	8.025677e+00	6.004730e+00	5.061096e+00	5.706195e-01	5.849453e+00	2.628218e+00	1.319250e+00	1.039018e-01	8.311737e+00	
5.366331e+01	3.275000e+03	1.300000e+02	2.978250e-01	8.025677e+00	6.004730e+00	5.061096e+00	5.706195e-01	5.849453e+00	2.628218e+00	1.319250e+00	1.039018e-01	8.311737e+00	
5.404431e+01	3.300000e+03	1.310000e+02	2.978250e-01	8.025677e+00	6.004730e+00	5.061096e+00	5.706195e-01	5.849453e+00	2.628218e+00	1.319250e+00	1.039018e-01	8.311737e+00	
5.563135e+01	3.325000e+03	1.320000e+02	2.978250e-01	8.025677e+00	6.004730e+00	5.061096e+00	5.706195e-01	5.849453e+00	2.628218e+00	1.319250e+00	1.039018e-01	8.311737e+00	
5.601584e+01	3.350000e+03	1.330000e+02	2.978250e-01	8.025677e+00	6.004730e+00	5.061096e+00	5.706195e-01	5.849453e+00	2.628218e+00	1.319250e+00	1.039018e-01	8.311737e+00	
5.644267e+01	3.375000e+03	1.340000e+02	2.978250e-01	8.025677e+00	6.004730e+00	5.061096e+00	5.706195e-01	5.849453e+00	2.628218e+00	1.319250e+00	1.039018e-01	8.311737e+00	
5.676361e+01	3.400000e+03	1.350000e+02	2.978250e-01	8.025677e+00	6.004730e+00	5.061096e+00	5.706195e-01	5.849453e+00	2.628218e+00	1.319250e+00	1.039018e-01	8.311737e+00	
5.716739e+01	3.425000e+03	1.360000e+02	2.978250e-01	8.025677e+00	6.004730e+00	5.061096e+00	5.706195e-01	5.849453e+00	2.628218e+00	1.319250e+00	1.039018e-01	8.311737e+00	
5.748402e+01	3.450000e+03	1.370000e+02	2.978250e-01	8.025677e+00	6.004730e+00	5.061096e+00	5.706195e-01	5.849453e+00	2.628218e+00	1.319250e+00	1.039018e-01	8.311737e+00	
5.781085e+01	3.475000e+03	1.380000e+02	2.978250e-01	8.025677e+00	6.004730e+00	5.061096e+00	5.706195e-01	5.849453e+00	2.628218e+00	1.319250e+00	1.039018e-01	8.311737e+00	
5.819807e+01	3.500000e+03	1.390000e+02	2.978250e-01	8.025677e+00	6.004730e+00	5.061096e+00	5.706195e-01	5.849453e+00	2.628218e+00	1.319250e+00	1.039018e-01	8.311737e+00	
5.865460e+01	3.525000e+03	1.400000e+02	2.978250e-01	8.025677e+00	6.004730e+00	5.061096e+00	5.706195e-01	5.849453e+00	2.628218e+00	1.319250e+00	1.039018e-01	8.311737e+00	
5.896126e+01	3.550000e+03	1.410000e+02	2.978250e-01	8.025677e+00	6.004730e+00	5.061096e+00	5.706195e-01	5.849453e+00	2.628218e+00	1.319250e+00	1.039018e-01	8.311737e+00	
5.926980e+01	3.575000e+03	1.420000e+02	2.978250e-01	8.025677e+00	6.004730e+00	5.061096e+00	5.706195e-01	5.849453e+00	2.628218e+00	1.319250e+00	1.039018e-01	8.311737e+00	
5.966147e+01	3.600000e+03	1.430000e+02	2.978250e-01	8.025677e+00	6.004730e+00	5.061096e+00	5.706195e-01	5.849453e+00	2.628218e+00	1.319250e+00	1.039018e-01	8.311737e+00	
6.000926e+01	3.625000e+03	1.440000e+02	2.978250e-01	8.025677e+00	6.004730e+00	5.061096e+00	5.706195e-01	5.849453e+00	2.628218e+00	1.319250e+00	1.039018e-01	8.311737e+00	
